# ## DiploLocus-likelihood. u01 = 1.25e-08, u10 = 1.25e-08, Ne = 5000.0
# ## Analyze 51 pairs of sel. coef.
# ## VCF: Ex2_UK_v54.1_all_chr2_135e6-137e6.vcf
# ## meta info: Ex2_v54_UK_1240K_noFam_strictPASS_from4500.info
# ## generation time 28.1 units,## Computing likelihoods for 450 loci at 94 time points: 0, 2, 5, 6, 7, 8, 9, 10, 11, 12, 13, 14, 15, 16, 17, 18, 19, 20, 21, 22, 24, 25, 26, 27, 28, 29, 30, 31, 32, 34, 35, 37, 38, 39, 40, 41, 42, 43, 44, 45, 46, 47, 49, 50, 51, 52, 55, 56, 57, 58, 59, 60, 66, 67, 68, 69, 70, 71, 72, 73, 74, 75, 76, 77, 78, 79, 80, 81, 82, 83, 84, 85, 86, 87, 88, 89, 90, 91, 92, 94, 96, 107, 108, 109, 110, 111, 112, 113, 114, 115, 116, 117, 118, 129
# ## 	Max sample sizes at each time: 2, 1, 2, 1, 1, 3, 6, 2, 1, 5, 4, 2, 3, 4, 3, 3, 6, 1, 2, 2, 3, 5, 4, 2, 1, 1, 1, 1, 1, 1, 1, 2, 5, 2, 2, 1, 4, 4, 2, 2, 2, 1, 2, 3, 3, 2, 4, 5, 1, 3, 5, 4, 1, 8, 3, 4, 2, 2, 5, 5, 4, 1, 3, 9, 5, 28, 51, 18, 21, 6, 9, 7, 14, 6, 3, 5, 4, 7, 1, 4, 1, 4, 30, 3, 9, 7, 1, 2, 1, 3, 3, 42, 1, 1
# ## Assume constant selection pressure throughout the duration considered
# locus	ongrid_s2hat	ongrid_maxLogLikelihood	s2hat	maxLogLikelihood	MLR	chi2_p
2_135000500_rs1257186	0.015811388300841896	-75.86630468365699	0.013482761476503674	-75.83515873970089	2.0815817554243097	0.14908561627803305
2_135005832_rs1257196	-0.0023207944168063908	-76.04122278146691	-0.0024880524484007295	-76.04107741740494	0.06494644784075376	0.7988420994508096
2_135007736_rs1257197	0.007338996338110344	-69.62695312463147	0.006576234791904479	-69.62401388592997	0.4321044437164687	0.5109581324284279
2_135008041_rs1257198	0.007338996338110344	-72.07552413651273	0.006954521119307002	-72.07479312382092	0.47189923978160664	0.4921147245966929
2_135015347_rs1257220	0.001077217345015941	-65.8399214998421	0.0012175909444470953	-65.83982674889197	0.014081481328759082	0.9055404356823821
2_135016618_rs1257221	0.01077217345015941	-46.932752388989904	0.01189407440676079	-46.928325415511765	0.9818232894110253	0.32174907957268334
2_135017074_rs16830277	-0.015811388300841896	-59.13919912113165	-0.013791938808859943	-59.125607779459	1.23893020129222	0.2656773297660519
2_135017617_rs7586139	-0.004999999999999999	-92.135687988937	-0.006003808187805258	-92.12779564973326	0.5620518749538235	0.453434690402866
2_135020700_rs3791268	-0.015811388300841896	-58.835229202667165	-0.01945715227485244	-58.792488868649706	2.37592913798737	0.12321826652044081
2_135022906_rs6735741	-0.015811388300841896	-38.20813207814902	-0.014005588987767157	-38.202009457147575	0.7124300626885542	0.3986382684683568
2_135024676_rs3791274	-0.023207944168063894	-31.554221926028813	-0.025244697378587103	-31.54742840121772	2.005817180959234	0.15669683276883858
2_135024766_rs935471	-0.03406460345289807	-55.88357606725239	-0.03822045734232325	-55.82394729875741	9.987831447883977	0.0015757806657470475
2_135024803_rs62165759	-0.010772173450159421	-73.06034101354615	-0.01048281482948628	-73.05991576117948	1.0938438675752877	0.2956210987005942
2_135036696_snp_2_135036696	0.01077217345015941	-100.19989301656464	0.011712563228211967	-100.19310886854005	2.0936220322275574	0.14791501918783534
2_135038848_rs11686546	-0.023207944168063894	-68.15035258250549	-0.02094519968914919	-68.12998412130547	3.408764649559828	0.06485097808689154
2_135040051_rs11899700	-0.015811388300841896	-45.57965351474225	-0.015593163793655471	-45.57952651745226	1.2533984690178954	0.26290437942204803
2_135040763_rs11689718	-0.010772173450159421	-55.6951728588267	-0.011488585642279826	-55.693486976285556	0.8500766499323049	0.3565306547801682
2_135044562_rs62167965	-0.015811388300841896	-79.70873785087598	-0.013460792878390108	-79.67621765922672	2.124457010490886	0.14496414616785955
2_135045250_rs10496726	-0.015811388300841896	-33.96311694923659	-0.013992897883842616	-33.95800793688725	0.581475109143895	0.44573470543188554
2_135046984_rs4954125	0.01077217345015941	-103.0682051963821	0.00963817772875022	-103.05882023456337	1.3464218781705313	0.24590462422814235
2_135050622_rs13014122	-0.007338996338110352	-93.98041193645872	-0.008768808798886746	-93.96681808541102	1.0149270794671281	0.3137253498444716
2_135054058_snp_2_135054058	0.004999999999999999	-36.206264728289874	0.006137943893964848	-36.2034383095277	0.1659884915976022	0.6837018515883762
2_135056853_rs11677171	-0.023207944168063894	-50.36802569556688	-0.02590688925637509	-50.34687787099039	3.796463948970924	0.05136094119935598
2_135057892_rs16830360	0.015811388300841896	-71.59468811513422	0.01564414113174752	-71.59457615436035	2.071024858003341	0.15012061252717498
2_135058732_rs4954130	0.023207944168063883	-69.16383380785982	0.023973537445255336	-69.16139016060777	5.114101841477094	0.023732147709664426
2_135061348_rs6430506	0.0034064603452898037	-64.80264763153073	0.0036766611535934794	-64.80229505395134	0.12963951564347553	0.7188060945469863
2_135062062_rs2321733	0.01077217345015941	-62.38156273506901	0.011877769913281969	-62.376711621729605	1.1035767777685663	0.2934824889725859
2_135062598_rs1439112	0.0003406460345289804	-67.59617468784921	0.0003465827704434347	-67.59617451953571	0.0010991522308927415	0.9735522073808707
2_135065943_rs7573104	0.004999999999999999	-96.32904846690889	0.006045429977047847	-96.32197297359014	0.47044921421121444	0.49278058157918414
2_135066476_rs11887156	0.03406460345289804	-41.797363394323234	0.033367520253576026	-41.79615506599008	5.607427965624495	0.017884495424255242
2_135068007_rs755586	-0.023207944168063894	-60.79260308397445	-0.02537895228520843	-60.77667436781318	4.236216797050645	0.039570249648661085
2_135068794_rs4953911	0.023207944168063883	-20.962113057207294	0.020265506738820344	-20.95179554713221	0.9682901219193454	0.3251069880511821
2_135070118_rs59902004	-0.03406460345289807	-51.391845318140014	-0.02963457272987052	-51.326229961157466	5.7911099493833404	0.016107416158645412
2_135071570_rs10183733	0.007338996338110344	-12.895884233273204	0.008726067288181337	-12.894568121218327	0.10194501240964726	0.7495079112503353
2_135075621_rs3791281	-0.03406460345289807	-33.63685004583181	-0.03036692881343038	-33.6130092880604	3.1121592481205766	0.07770987562000399
2_135079978_rs935474	-0.0010772173450159421	-32.27873343495324	-0.0010010231552480136	-32.27871957710123	0.004782870295628072	0.9448636163148985
2_135080139_rs935473	0.0004999999999999999	-64.58401544168294	0.0004927278276459524	-64.58401523793029	0.001675912994699047	0.967345389898828
2_135081866_rs62168048	-0.010772173450159421	-95.82922167963807	-0.010880538459920314	-95.82913824045781	1.6519856955256387	0.19868888267003307
2_135082444_rs11674550	0.0034064603452898037	-27.470935716233086	0.0037133504025055213	-27.470799202353867	0.03964119115020992	0.8421837724973269
2_135082760_rs1439111	-0.023207944168063894	-38.88262490506881	-0.020189428399328035	-38.86606592392293	1.4131243862631777	0.23453841905622852
2_135087985_rs35792347	-0.010772173450159421	-60.74325849219898	-0.013255551862845667	-60.7249760617603	1.0223458799115264	0.3119632054236837
2_135093552_rs17783590	-0.004999999999999999	-57.46725088542745	-0.005950419147779577	-57.46400061661541	0.25239348038971343	0.6153947739785524
2_135096302_rs935480	0.002320794416806388	-55.80010219940498	0.0027749329527008808	-55.799403189007	0.052260769050363365	0.8191750488392424
2_135096428_rs2012533	0.004999999999999999	-61.21205242470403	0.0056630688429056535	-61.210103383836014	0.28190029762980373	0.5954583909211577
2_135102742_rs2290048	-0.010772173450159421	-63.61753846750463	-0.010500247271437014	-63.61726617191381	0.8066638106812718	0.36910843796593484
2_135105867_rs3791287	-0.03406460345289807	-35.34422415324475	-0.04158746873617532	-35.24993037112851	5.539391898400112	0.018593042421353616
2_135106232_rs4954136	0.023207944168063883	-46.64073026677606	0.02496199006687106	-46.63018099405529	4.33484965310943	0.03733971351148276
2_135111093_rs1439107	-0.023207944168063894	-28.951596330103087	-0.027400110679711147	-28.924493500928996	2.2919495972286796	0.13004648017814002
2_135111439_rs3791289	0.015811388300841896	-57.36607735222368	0.018690813394347805	-57.3337096580614	2.7068738037001907	0.09991662238011385
2_135114889_rs2290049	0.007338996338110344	-66.5451439425935	0.006592518691221279	-66.5426118975372	0.39057845334676244	0.5319954987816033
2_135124769_rs13035520	-0.010772173450159421	-33.66275206903291	-0.012166583361979637	-33.65998943082201	0.40866815798267453	0.5226462709178392
2_135127474_rs12613306	0.015811388300841896	-75.22661575805101	0.018602801948567272	-75.18451936332521	3.7021225279744954	0.05434329681781009
2_135127910_rs1344975	-0.0007338996338110352	-44.92483042562217	-0.0007400541151993636	-44.9248303345357	0.002889743137401979	0.9571293018843333
2_135130826_rs16830502	-0.015811388300841896	-80.18664087087039	-0.016273118383777985	-80.1856321470258	2.456470894666694	0.11704148449852357
2_135131939_rs17727887	-0.010772173450159421	-77.2528444078874	-0.013016275732024829	-77.22433115647354	1.8930426621277263	0.16885913835872735
2_135140582_rs4953917	0.023207944168063883	-32.546717151946964	0.023657825956129776	-32.54635533531773	1.9286978375000814	0.16490097843994211
2_135143287_rs12467609	0.049999999999999996	-28.88517701588045	0.045964679004943734	-28.856837161466466	8.495911405073869	0.0035594543036710055
2_135144454_rs755503	0.023207944168063883	-7.6617775747389905	0.024086596312977278	-7.6612834913647525	0.7369786987984561	0.3906304308293259
2_135148784_rs7591481	-0.015811388300841896	-70.34534641319195	-0.013580306358823098	-70.32184199993424	1.7087341059057906	0.19114969618759162
2_135150382_rs10928493	0.023207944168063883	-76.16203799268864	0.020135560872816285	-76.11524173131865	3.9865191347486473	0.04586572415246304
2_135157762_rs13001159	-0.015811388300841896	-97.56616691435111	-0.015508640728051755	-97.56550590711706	3.459276905983643	0.06289781530440579
2_135157953_rs999925	-0.049999999999999996	-36.16385930651826	-0.04500646796152726	-36.11938530535141	7.460444128717199	0.006306944430242027
2_135158128_rs13012494	-0.023207944168063894	-42.66015346739729	-0.021198602662759587	-42.65012588659913	2.28224293483089	0.13086250274234343
2_135160047_rs62170198	-0.007338996338110352	-56.3457514488638	-0.006820186915362321	-56.344579659651764	0.4073808652553481	0.5233018770953095
2_135160755_rs3748900	-0.004999999999999999	-49.29973592375682	-0.005949831195261952	-49.296678645236625	0.23857634176012255	0.625236251791977
2_135161631_rs12997281	0.023207944168063883	-73.90984525390003	0.020560320945936614	-73.8729897283507	4.5515929246869575	0.0328881360289485
2_135165605_rs4954143	0.015811388300841896	-80.31508546921691	0.01794818275576404	-80.28693117284952	3.9756249849128267	0.04616331905304583
2_135165813_rs4954144	0.015811388300841896	-60.193966552688416	0.019392719307973563	-60.160042005568656	1.9433131537962822	0.1633092481612922
2_135167600_rs2118844	-0.004999999999999999	-54.31892194331686	-0.005455481963396935	-54.31818557767482	0.2110958271388199	0.645909858504665
2_135167653_rs2118843	0.015811388300841896	-54.70189748933021	0.01675941717283739	-54.69955309297023	1.4237323946248353	0.23279004486873386
2_135167741_rs2043873	0.023207944168063883	-49.79453093835297	0.02350287662538963	-49.7943484127418	2.234398448076334	0.1349691430960971
2_135168676_rs3791304	0.023207944168063883	-92.22793560817108	0.026208933570427542	-92.17003066511275	9.326821428171996	0.002258237355159625
2_135175372_rs1530230	-0.03406460345289807	-3.7163986787507963	-0.03940918431560783	-3.7064937394193462	1.1554325291629155	0.28241481174738936
2_135176368_rs3791308	-0.023207944168063894	-65.32236314257447	-0.02499117620502326	-65.31147372783047	4.169177774382746	0.04116577248768443
2_135180526_rs2289466	-0.049999999999999996	-7.512340013666297	-0.051073617419903336	-7.511772165719504	2.6000502136111	0.1068603292466212
2_135181515_rs16830596	-0.03406460345289807	-56.720430967457396	-0.036209797506046915	-56.7058916435858	8.20123667980451	0.004186184655093797
2_135181971_rs66496166	-0.007338996338110352	-69.49278693959303	-0.007993620906303235	-69.49129149768532	0.43872493675198143	0.507738516937086
2_135183045_rs3791312	-0.03406460345289807	-26.298451177359784	-0.03335085170436421	-26.297789252493327	2.8707892880650903	0.09020062358397185
2_135183298_rs3791316	-0.015811388300841896	-81.62054544329207	-0.014548738898738067	-81.61122744170952	2.455954574346805	0.11707997348525385
2_135189585_rs3791322	-0.023207944168063894	-35.758061273631306	-0.02467065067758544	-35.75397506364195	2.230533534899422	0.13530711742966492
2_135195305_rs509429	-0.023207944168063894	-90.9331371028314	-0.024218028824590468	-90.92655268262888	7.782962561345215	0.005274123691762726
2_135195936_rs745775	0.023207944168063883	-22.319732167801206	0.021785066804271325	-22.317860620875116	0.9730997174989042	0.3239083331181264
2_135199781_rs76602360	0.0034064603452898037	-53.28508582274787	0.003808860886555604	-53.28460884499898	0.08605530099313796	0.7692532343431036
2_135202455_rs535900	-0.015811388300841896	-91.27856841200989	-0.01900204773867651	-91.19714507449919	5.8923352164596	0.015206922021298619
2_135208077_rs651970	-0.03406460345289807	-60.629266832344115	-0.041156025275659563	-60.463873742374794	12.538494382467306	0.0003986533906885895
2_135209154_rs636975	-0.015811388300841896	-82.64507696729504	-0.017566194932443716	-82.62932191527123	3.254530968066291	0.0712263118197796
2_135209591_rs669740	-0.015811388300841896	-42.478368015535644	-0.01632153084080605	-42.47764172372147	1.534177262040643	0.21548659323101144
2_135210390_rs2290483	-0.023207944168063894	-38.729338313241826	-0.021524897319772845	-38.72436385420588	1.5716366745401444	0.20996948802147414
2_135211861_rs7841	-0.007338996338110352	-63.786259728822024	-0.007088779090700206	-63.786051869155436	0.33173529399877566	0.56463906627831
2_135212329_rs539588	-0.023207944168063894	-95.12947430510751	-0.028580770391963307	-94.92585597706399	11.923398532480178	0.0005543326023369188
2_135212784_rs543944	-0.010772173450159421	-99.75378802991918	-0.012589959560545207	-99.72650737413224	2.6116895650567358	0.10607868995766447
2_135212819_rs544050	-0.023207944168063894	-101.66101362125399	-0.02676010616025413	-101.56117649547143	11.656798304039967	0.0006396833809749677
2_135213762_rs610624	-0.010772173450159421	-11.310826705623626	-0.010949527126040427	-11.310796466437166	0.22754389674513575	0.6333510026043621
2_135214259_rs2289470	-0.015811388300841896	-84.43520890640495	-0.015147829403422183	-84.43280758893208	2.4610808972002474	0.1166984517551682
2_135214862_rs636757	-0.03406460345289807	-87.47313918412937	-0.03271470593248185	-87.46302282102448	12.784001007552774	0.0003495964085457554
2_135215941_rs547177	-0.023207944168063894	-92.12516960323137	-0.024512279900531016	-92.11178137839775	9.557999262528256	0.001990799704431647
2_135218605_rs6430516	-0.015811388300841896	-66.88463981279014	-0.018144453123894812	-66.86818716813654	1.9398848153502968	0.16368104121750449
2_135219050_rs11904278	-0.007338996338110352	-92.56897107360065	-0.007217987704267585	-92.56888418494427	0.6227427612952567	0.43002988116140584
2_135219539_rs583446	-0.023207944168063894	-86.50561319714721	-0.025241287334472163	-86.47964115059126	8.385110268336462	0.0037830725884602733
2_135221749_rs7565308	0.0034064603452898037	-42.94983266153794	0.003078334757315781	-42.94964684452576	0.03313460585928851	0.8555598617097838
2_135224353_rs587201	-0.004999999999999999	-36.246036449819165	-0.0050816304305950095	-36.24602019304094	0.12406411224982605	0.724667760688287
2_135224884_rs589530	-0.023207944168063894	-77.6192356081986	-0.01984759653428984	-77.55146551501588	4.689870768500327	0.030340929251381883
2_135231203_rs1598279	-0.015811388300841896	-51.981206877496994	-0.01473743830028042	-51.97832673646765	1.0582502717825264	0.3036145968530372
2_135237274_rs480368	-0.03406460345289807	-91.63232789239214	-0.02991880825910505	-91.51160454895678	13.107497523284906	0.0002941163062851113
2_135239297_rs574935	-0.015811388300841896	-64.85370979110996	-0.013673239953271353	-64.83283038323357	1.670178695280498	0.1962346014149317
2_135240324_rs494905	0.007338996338110344	-9.758590562081363	0.006661842254800603	-9.758230480864041	0.07250062428480675	0.7877300731458026
2_135245146_rs10496727	-0.004999999999999999	-37.5747520047234	-0.005771941557772195	-37.57339367259175	0.1502952963518851	0.6982533221445838
2_135246772_rs627244	-0.023207944168063894	-95.26631487184768	-0.026919650038286443	-95.17372649687526	9.962853451073073	0.0015973029888901188
2_135247309_rs17787224	-0.010772173450159421	-75.27861981493977	-0.009540638279385305	-75.27188964323841	0.7936100178685308	0.3730107627708569
2_135248544_rs598668	0.023207944168063883	-2.8605594157572085	0.02032809066931757	-2.8577737181444167	0.29206795763708726	0.5888983719392495
2_135249140_rs578996	-0.023207944168063894	-97.63673608831733	-0.021383595686732693	-97.61051681894175	7.448367965807137	0.006349399511113603
2_135249662_rs4954148	-0.0015811388300841895	-67.2463863390551	-0.0018575122988213986	-67.24610132301271	0.025702720435020865	0.8726284692911475
2_135250568_rs72853936	-0.010772173450159421	-55.00202105868331	-0.009423307690216806	-54.99612298258126	0.5651299347057517	0.4522006666652659
2_135251826_rs10496728	-0.015811388300841896	-65.20060092630469	-0.014630434186719561	-65.19475333677944	1.7612674252592626	0.18446650685542512
2_135253081_rs17787416	-0.015811388300841896	-72.22971917249376	-0.018060955731687565	-72.21009229714781	2.4739594486268857	0.11574602133731998
2_135255581_rs2014711	-0.003406460345289807	-70.30599857082787	-0.0038525474370674855	-70.30514197812886	0.12613407756660422	0.7224745256640102
2_135258363_rs522227	-0.023207944168063894	-67.32277913712423	-0.028037916461730216	-67.20620288823628	8.06377994221458	0.004515887328082244
2_135259923_rs72853959	-0.007338996338110352	-69.01471044387021	-0.008858152472473638	-69.00431601091175	0.6995583074883029	0.40293214913327446
2_135260851_rs662362	-0.03406460345289807	-100.565802202485	-0.03203628088088656	-100.53595508175826	15.798909326566275	7.044310357608398e-05
2_135260903_rs662438	-0.023207944168063894	-94.18527796249654	-0.023536771031962365	-94.18454887926445	7.451351257291805	0.006338884365212469
2_135261737_rs540053	-0.023207944168063894	-83.12094659690416	-0.02280804257604249	-83.12008928281193	5.594769227888861	0.018014184025358246
2_135262376_rs566650	-0.03406460345289807	-94.61684638427117	-0.03871076685098634	-94.47141398523786	21.01609563777518	4.554411082790093e-06
2_135262576_rs680376	-0.03406460345289807	-99.84250978442246	-0.03635357678189634	-99.80683334097282	19.406475371890593	1.0564823844134764e-05
2_135263079_rs6430519	0.01077217345015941	-50.70157787794197	0.011764998092714016	-50.6993418204771	0.6470854991296164	0.42115662093221284
2_135263081_rs56131490	-0.007338996338110352	-75.89611555099489	-0.006929322253013896	-75.89540617617668	0.40165010102558085	0.5262383041627561
2_135263369_rs486539	-0.015811388300841896	-69.79369979298066	-0.01804051550396617	-69.76771517582932	3.4548754448527745	0.06306548634872607
2_135264022_rs513344	-0.03406460345289807	-93.32059170065072	-0.03106366717249434	-93.25893939192183	13.510646093911276	0.00023721385477482647
2_135265700_rs549945	-0.03406460345289807	-92.7105869685146	-0.0323594728980632	-92.6905083796756	15.54600821576659	8.052148540770377e-05
2_135266655_rs579932	-0.023207944168063894	-65.29243567367013	-0.02182050692245815	-65.2842415578553	4.153078340887362	0.041558905561388526
2_135268255_rs749460	0.004999999999999999	-53.295404138594435	0.004398457493213617	-53.29437330047882	0.11181524964622724	0.7380868891770334
2_135270377_rs598654	-0.015811388300841896	-78.11111550721792	-0.013563630008971617	-78.08377635390582	1.9603715425959365	0.1614735882328428
2_135272915_rs532290	-0.03406460345289807	-98.62727932914015	-0.033278596986160675	-98.62302428202675	16.118174687625327	5.951018482333768e-05
2_135274766_rs669746	-0.03406460345289807	-108.96465829747358	-0.029236923997411634	-108.79065089654469	13.619817566004997	0.00022381043245035806
2_135278207_rs624817	-0.03406460345289807	-91.21766937215064	-0.02916616417050746	-91.08073508530232	10.446768805398705	0.001228641942971381
2_135280476_rs12614292	-0.010772173450159421	-64.78805751191227	-0.01130693775472867	-64.78688983263204	1.0248982793570178	0.3113599345664678
2_135281133_rs7590091	-0.023207944168063894	-42.375412508750536	-0.0219260723949314	-42.3718582500935	2.004899647955341	0.15679166975019568
2_135283524_rs12612203	-0.023207944168063894	-89.8574145892511	-0.023077465108496047	-89.85729953015773	7.149563388647948	0.007498223851620605
2_135285279_rs512375	-0.049999999999999996	-87.99329653366176	-0.04427487548856279	-87.82438582259901	23.896498466742713	1.0165649529285781e-06
2_135285638_rs6744633	-0.015811388300841896	-85.14183744419074	-0.013714951239583852	-85.11581983657557	2.2071785708905622	0.13736970515725042
2_135285678_rs515983	-0.015811388300841896	-83.94856948597996	-0.01876554533550899	-83.89161764510816	4.615002715332167	0.031693445021972584
2_135286448_rs4953921	-0.023207944168063894	-48.858860258787864	-0.023219338911015852	-48.858859853978565	3.1111701277002766	0.07775707903777639
2_135288375_rs626501	-0.03406460345289807	-19.623577840801264	-0.034841173760765294	-19.622647344788213	3.7780045580431363	0.05193055638365144
2_135288913_rs4954152	-0.010772173450159421	-112.775966865825	-0.010508377908985522	-112.77537953110047	1.885941837928243	0.16966035304496335
2_135295180_rs621341	-0.049999999999999996	-72.7507884173317	-0.05130620501449576	-72.74419587872858	24.500708035450856	7.428253522459403e-07
2_135298713_rs613828	-0.03406460345289807	-72.93157876251131	-0.0393715411291991	-72.80261935900147	15.865961300984083	6.799064725510537e-05
2_135298862_rs614356	-0.023207944168063894	-62.75085226185761	-0.02499428447265212	-62.73855897459506	5.033335566804013	0.0248639680335879
2_135300482_rs2924943	-0.015811388300841896	-92.04515433718221	-0.018228228996578028	-92.00665714543103	4.363737627314578	0.03671167426407201
2_135338640_rs6730778	-0.023207944168063894	-67.5540385686876	-0.02365026041712596	-67.55337153738247	3.6990508128673696	0.054443431286799564
2_135341120_rs842362	-0.023207944168063894	-54.06520004127622	-0.024147415742845388	-54.06177884360957	4.697315166196034	0.03020977373904629
2_135341200_rs859767	-0.03406460345289807	-99.24584897062819	-0.03371106153704923	-99.24497653977997	16.838956544736504	4.0689407331224194e-05
2_135342452_rs842349	-0.023207944168063894	-105.13784541177402	-0.028164357036844296	-104.94993659845555	12.570471380287728	0.0003918897197533924
2_135356057_rs954057	-0.03406460345289807	-22.481708513388153	-0.036250239857459086	-22.475224781693296	3.457002298413144	0.0629844057261194
2_135358298_rs16830847	-0.023207944168063894	-43.89703655119091	-0.025526042005512638	-43.885676187333246	2.6866416487258107	0.10119288994520101
2_135362839_rs10203582	0.023207944168063883	-43.435406136255814	0.022772909065181497	-43.43492951794027	2.7364376519605713	0.09808319857982489
2_135362981_rs6750788	0.023207944168063883	-76.3870969953136	0.02656319058968496	-76.32175849940984	8.377507566999299	0.0037989304382532855
2_135369095_rs938657	-0.010772173450159421	-75.28231132360104	-0.009151578853211417	-75.26974004043286	0.8206556523613813	0.36498853822999244
2_135381665_rs17842800	-0.049999999999999996	-39.65842764197841	-0.0456319923245983	-39.62266857079173	7.79919236162219	0.00522695921055148
2_135389197_rs6759065	0.023207944168063883	-102.48546833659982	0.019579207352879192	-102.37970251196828	6.265153401517125	0.01231355077870553
2_135392481_rs35599954	0.049999999999999996	-23.147736847462735	0.04485300062064974	-23.108006856947156	7.151158089191291	0.007491559711180755
2_135393110_rs11684785	0.023207944168063883	-97.14621420831394	0.02633179196801357	-97.07570528388617	10.399608205217277	0.001260420541283415
2_135395863_rs4954156	0.023207944168063883	-93.21831052666712	0.0214209498981021	-93.19613016859024	6.503670521538908	0.010765202618204815
2_135397569_rs6705916	0.01077217345015941	-23.791981896930437	0.011239668604817605	-23.79151065749203	0.5495289785060962	0.45851021713369877
2_135401339_rs1400498	-0.015811388300841896	-20.88613676536023	-0.014962051331145336	-20.88514058255556	0.6534383320909214	0.4188860618809269
2_135402521_rs4953922	-0.03406460345289807	-65.77381299734641	-0.029596695774243984	-65.6875592623226	7.762827501616158	0.005333240540196443
2_135406606_rs1568121	0.03406460345289804	-90.2424494042026	0.034868138600796496	-90.23830701145468	16.914779573596007	3.9095990881001305e-05
2_135406890_rs1568120	0.03406460345289804	-95.74220771108006	0.03175575593076393	-95.70453299909158	15.30567648792055	9.144131987961105e-05
2_135416023_rs55925095	-0.03406460345289807	-25.10982486305364	-0.0386736628818467	-25.085070107885095	3.4064381931771948	0.0649424798333464
2_135417742_rs59774475	-0.023207944168063894	-46.48963843396549	-0.01955333557659444	-46.460901481470906	1.5560630211652153	0.21224260198979789
2_135417932_rs59196405	-0.049999999999999996	-60.385527927002585	-0.043804980785352624	-60.27114080615716	11.525934246364358	0.0006863195100126386
2_135418411_rs60394979	-0.03406460345289807	-43.183412630379955	-0.040533905854765746	-43.09596957004291	6.6935054060864445	0.009676475421117202
2_135419006_rs57060541	-0.023207944168063894	-56.9924305421291	-0.027196743843475212	-56.941841486232285	4.61007837713305	0.031784580517436975
2_135419163_rs7560738	-0.015811388300841896	-39.00859502346778	-0.016579460950299538	-39.00757173622076	1.0028510517478537	0.3166216188353065
2_135419829_rs76096260	-0.023207944168063894	-39.94096621372745	-0.024928834961141448	-39.93440909872095	2.6591272529692844	0.10295721212949911
2_135420237_rs11688414	0.03406460345289804	-83.3757729669971	0.03534000341734095	-83.36568840086598	16.889128248147614	3.962790573914041e-05
2_135420390_rs59308164	-0.03406460345289807	-58.17270078531864	-0.03066760441631991	-58.13729433330723	5.624876164802174	0.01770731680218246
2_135420815_rs59443696	-0.049999999999999996	-34.3965595483867	-0.042654174498923336	-34.30510756363254	6.1472131410641	0.013161934605659377
2_135421558_rs16830888	-0.023207944168063894	-70.98253993630027	-0.02385021633113758	-70.98106731769444	3.946035723608105	0.046981924072009455
2_135421766_rs58936112	-0.03406460345289807	-28.372287655759024	-0.03715813858572925	-28.358676629566467	3.7253954904685287	0.05359093515663519
2_135426782_rs4954159	0.023207944168063883	-103.79890621829377	0.025190297385843573	-103.76850931257478	10.086887977908447	0.0014932808423601188
2_135430709_rs6745983	0.049999999999999996	-80.42871256740126	0.0477877362069663	-80.40984401646013	21.010375218862976	4.568029464500245e-06
2_135431692_rs4954160	0.023207944168063883	-41.73948567064655	0.028478318425472	-41.66801068719466	4.310950504842239	0.037867797816143196
2_135434849_rs6713239	0.03406460345289804	-79.6793678094879	0.029395198654515942	-79.5497500021451	10.928318563896738	0.0009470540900954197
2_135437405_rs4440018	0.015811388300841896	-92.9004534892305	0.01783977543620241	-92.86714561864318	5.224864514260815	0.022266180950211333
2_135437534_rs883917	-0.023207944168063894	-51.26036690710093	-0.023645564512853785	-51.25973447326511	3.6159785646721474	0.05722704558750768
2_135438404_rs13391832	-0.023207944168063894	-86.33268933361613	-0.0273583637601152	-86.23128816148952	8.790245168497307	0.0030284554620833076
2_135439752_rs62171377	-0.023207944168063894	-61.55587153820491	-0.027635298881108893	-61.48219856984208	5.6562083569832	0.017393686032409855
2_135443940_rs10928510	-0.03406460345289807	-56.64990743101893	-0.036042698548342925	-56.63604733953919	9.316721416782386	0.002270719417171856
2_135447055_rs58626212	-0.03406460345289807	-81.09760861758177	-0.034020078898112184	-81.09759905044672	11.044186418805879	0.0008896573632415078
2_135468385_rs10164986	-0.03406460345289807	-92.55518060046813	-0.03529130716206946	-92.54593943629969	15.318162351972632	9.083893563963971e-05
2_135469769_rs6747870	-0.03406460345289807	-32.73634209959608	-0.03959191990418131	-32.677275242954536	6.107081607532919	0.013464127158388697
2_135475196_rs4954169	-0.07338996338110348	-29.20480807913124	-0.06173866671023778	-28.98901408712705	14.29934319205642	0.00015591927271450966
2_135479980_rs6723108	-0.049999999999999996	-59.268243360882494	-0.04320912218930113	-59.11259681595887	15.157247645700323	9.891787677051877e-05
2_135483381_rs3739034	-0.023207944168063894	-71.16515075548664	-0.024741325926230847	-71.15400844508778	5.684131729923763	0.017119008447036257
2_135483413_rs948583	-0.03406460345289807	-93.21077154655165	-0.03367217848383788	-93.20983947640866	13.7588794557538	0.00020783604533896268
2_135483534_rs3739036	-0.049999999999999996	-2.951291562004267	-0.05156742005158102	-2.9506781894714704	1.5781016668995225	0.20903434507232824
2_135483960_rs3886740	-0.049999999999999996	-58.92215186001769	-0.04489382730723558	-58.83749345797545	13.30497262124048	0.00026470315666044365
2_135484676_rs13399881	-0.03406460345289807	-41.68446159459471	-0.04044701459373499	-41.57728413004403	8.917072057880503	0.002825170867874108
2_135520534_rs13033373	-0.03406460345289807	-83.94797025387149	-0.031886092893750044	-83.9243967896316	9.959512966053637	0.0016002038086304843
2_135528032_rs58686428	-0.03406460345289807	-48.65869275734524	-0.03783703690967214	-48.62292323320981	7.017380367298159	0.008072224471839171
2_135531703_rs4954174	-0.03406460345289807	-94.30836324863888	-0.029082806788799074	-94.15290162482547	10.607975669791898	0.001126008984989989
2_135534794_rs16831001	-0.07338996338110348	-29.240221465196104	-0.06166716205796994	-29.031079403477133	16.36047642085382	5.236589368154751e-05
2_135536663_rs72974315	-0.03406460345289807	-60.935324392745684	-0.03584850614571464	-60.92398142669636	8.960688103334974	0.0027585097633908546
2_135536808_rs6734820	-0.03406460345289807	-85.89978919875456	-0.04128411004254685	-85.58308569831422	22.111123706598505	2.5731437768820823e-06
2_135539967_rs6430538	-0.03406460345289807	-77.10584309751013	-0.03439769419330546	-77.1053135517281	12.373155758800124	0.00043555081025869444
2_135540546_rs7599054	-0.03406460345289807	-97.7625656158333	-0.03716413601894964	-97.69846551208009	19.942551957234258	7.980422720132866e-06
2_135543367_rs17698151	-0.03406460345289807	-75.97633594048756	-0.03213399255506197	-75.95768225808779	10.243665530498987	0.0013715476996671104
2_135545747_rs6734966	-0.03406460345289807	-81.80873316798606	-0.03747333716273336	-81.74949581942838	14.364812371376843	0.00015059029852998595
2_135549730_rs6430539	-0.049999999999999996	-68.64194644113348	-0.04768924991728207	-68.61821807084145	22.638406154548477	1.9553656213137356e-06
2_135550086_rs12465725	-0.03406460345289807	-91.63174745507547	-0.03964181187630371	-91.43041095818691	21.42497048497148	3.6794788457302435e-06
2_135560520_rs12471304	-0.049999999999999996	-63.95832829869873	-0.04550299909738113	-63.866211727755	20.790915349055183	5.122537802761704e-06
2_135574583_rs1942050	-0.03406460345289807	-69.02766073262985	-0.0362193509057359	-69.00555809125174	13.458175829927143	0.00024394082021311116
2_135578770_rs16831098	-0.023207944168063894	-22.146959454116903	-0.02299453523173588	-22.146914865402735	0.9921815564353196	0.31920976696091985
2_135582128_rs13390951	-0.03406460345289807	-101.09055113814861	-0.03703683140348124	-101.03118030231943	19.659293970890104	9.255205139936317e-06
2_135592381_rs6710823	0.023207944168063883	-8.379532923022191	0.027353577091030385	-8.370850971938298	0.8032234096088864	0.3701313671332359
2_135594699_rs1954874	-0.03406460345289807	-65.59741123139814	-0.03376063006935826	-65.59701061703255	10.55258579557335	0.0011602565701723452
2_135597628_rs10496731	-0.03406460345289807	-32.207415424708785	-0.028677339927431558	-32.14561117552087	3.803262220270497	0.05115283013932606
2_135599876_rs10198552	-0.023207944168063894	-42.066105503923474	-0.0232622374365964	-42.066100061660165	1.9997497743367205	0.1573251771243495
2_135602156_rs6729702	-0.049999999999999996	-92.98614414357094	-0.04267463058218538	-92.66089131384734	25.132810348775138	5.351454805288114e-07
2_135603797_rs1942052	-0.023207944168063894	-101.99921681545285	-0.026360415993986835	-101.92687475660675	10.189376747764157	0.001412520495512829
2_135612422_rs6430547	-0.010772173450159421	-29.564907726899875	-0.012683641843303709	-29.558083380466357	0.600042112323564	0.4385619587734044
2_135622808_rs6430552	-0.03406460345289807	-44.729461142935556	-0.030691606240230866	-44.698327108941385	5.561602429331444	0.018358602713443643
2_135631400_rs6430553	-0.049999999999999996	-86.23804808304376	-0.05253385192860882	-86.20157150860643	36.565759885663624	1.4760176153774399e-09
2_135637338_rs2166480	-0.049999999999999996	-67.67724832220505	-0.04687036622990227	-67.63880588939962	20.621444777957862	5.59657003340366e-06
2_135650766_rs6714498	-0.049999999999999996	-6.103472820561235	-0.04445565262858377	-6.08592745828428	2.6355375270298396	0.10449668945653513
2_135662244_rs4954197	-0.049999999999999996	-96.7543548729902	-0.04831155994465023	-96.73737387362304	32.296731804998586	1.3233573158970837e-08
2_135673387_rs12151827	-0.023207944168063894	-73.29241826616327	-0.021059719392527012	-73.27168348383869	3.9734219200545056	0.0462237470296222
2_135677161_rs3769025	-0.03406460345289807	-75.15991106708454	-0.02989347722783882	-75.07622796309741	8.528355931539721	0.003496554103756021
2_135678888_rs1984559	-0.049999999999999996	-27.317587921574376	-0.0533381901786441	-27.30373383998358	8.052058085452515	0.004545199024213799
2_135690061_rs12470730	-0.023207944168063894	-12.565044268834379	-0.025058833987391328	-12.562732456610282	0.8135504089485295	0.36707264882190027
2_135691659_rs4344970	-0.023207944168063894	-8.241629189208258	-0.02563002949664962	-8.238332067491198	0.8026049825561934	0.37031566206350364
2_135691725_rs17698630	-0.03406460345289807	-36.38525692564781	-0.04180433834929311	-36.26333067876305	7.6838660032527315	0.00557166794409997
2_135693069_rs41521049	-0.03406460345289807	-80.59980355740103	-0.029694566422302737	-80.48874296691051	10.539658706910387	0.0011683999363295222
2_135697797_rs10198975	-0.049999999999999996	-76.57677329530469	-0.04787914728205365	-76.55581429754912	23.04880865727742	1.5794034555546251e-06
2_135699619_rs10496732	-0.023207944168063894	-57.01313238997753	-0.02364056364804067	-57.01240243701875	4.342001562066386	0.03718318653734062
2_135715957_rs1947112	-0.049999999999999996	-59.08636194670366	-0.058418651550258084	-58.85192404405074	26.550408998448418	2.567503564677096e-07
2_135720715_rs56271357	-0.023207944168063894	-5.652350064594191	-0.027382221599842844	-5.64352512289939	0.8042620617675738	0.36982213032242073
2_135730884_rs2874714	-0.03406460345289807	-81.97934700819275	-0.033463899404516405	-81.97735600357319	12.553896105258843	0.0003953810920594399
2_135735519_rs61002135	-0.023207944168063894	-76.05276390053075	-0.02732681229762339	-75.960075966932	8.084147448352837	0.004465413294365647
2_135745129_rs16831235	-0.0007338996338110352	-10.357249718480418	-0.000779203815621814	-10.357248363030251	0.0007633847261665494	0.9779577186318995
2_135745722_rs10928526	-0.023207944168063894	-74.38196748747609	-0.021705690767669126	-74.3694375130418	5.183759025169195	0.022798948444282905
2_135750023_rs1867836	-0.015811388300841896	-93.17946070851859	-0.016534436308168088	-93.17596907482333	3.6294653600096467	0.056765049053551106
2_135755629_rs1530559	-0.049999999999999996	-70.50581669808719	-0.05661596395141061	-70.35091053809555	27.18806435942591	1.8459475902199122e-07
2_135758231_rs6733547	-0.049999999999999996	-72.93183996778029	-0.05449781722117596	-72.83872436844877	28.562820895417616	9.07072245272393e-08
2_135759095_rs6706490	-0.049999999999999996	-37.73710804061199	-0.04673594812806431	-37.71458301193443	9.461736161712977	0.0020980240159849377
2_135762344_rs16831243	-0.03406460345289807	-44.460392179190734	-0.030881408670641514	-44.434860404187035	4.687782987064807	0.03037781827916088
2_135763318_rs7582173	-0.049999999999999996	-67.78157964871586	-0.05045246801207039	-67.78076097139106	21.655237741195833	3.2631774781131697e-06
2_135767882_rs10928527	-0.049999999999999996	-34.734957626528484	-0.05129619434292888	-34.73177935858391	9.947846138565296	0.0016103770118626975
2_135780168_rs4954212	-0.03406460345289807	-53.784015796556716	-0.02977685947699104	-53.71406220050498	6.617004929365137	0.010100955954669146
2_135781035_rs16831256	-0.03406460345289807	-52.46818740353076	-0.03186516177526019	-52.45338179134792	6.057459962995068	0.013847671631725192
2_135781635_rs11900832	-0.049999999999999996	-72.89615864719282	-0.04907542666624706	-72.89171925297913	26.042766070579148	3.339377014453096e-07
2_135783367_rs11892750	-0.03406460345289807	-22.938151275858868	-0.04088012991295203	-22.888790451371918	3.645529378637846	0.0562199286004596
2_135785068_rs13399376	-0.049999999999999996	-36.563097430490586	-0.04515138744726498	-36.51158419297838	9.623948702912926	0.0019205635530707553
2_135785149_rs11890844	-0.049999999999999996	-72.15647251814354	-0.0487610873821262	-72.14933040976302	23.46775749472087	1.2702482226548985e-06
2_135787642_rs1551497	-0.03406460345289807	-75.98993446684662	-0.03842688090073217	-75.88395798643177	16.684048365497233	4.41506862253055e-05
2_135789472_rs6737635	-0.03406460345289807	-76.40216654387218	-0.03439589930299025	-76.40160348618801	12.127877567070783	0.0004967362237949634
2_135794367_rs6760553	-0.03406460345289807	-76.53400602663038	-0.030427696497338706	-76.46360453329618	9.881152725310983	0.0016698029727129074
2_135795595_rs10182750	-0.049999999999999996	-69.52858460866288	-0.042618139275321335	-69.26787133206872	17.940436752338684	2.279267368059984e-05
2_135797223_rs10186594	-0.03406460345289807	-77.72038494772333	-0.03897596098772261	-77.59880302134428	15.7311419344407	7.30121700461626e-05
2_135800757_rs921859	-0.049999999999999996	-84.25483952563603	-0.0425708929042076	-83.94369655601962	21.37676303051157	3.7731662007656648e-06
2_135803425_rs4954218	-0.03406460345289807	-46.625993386440804	-0.035353017356679624	-46.62164110354685	7.508866169856589	0.006139600850538247
2_135803766_rs17293519	-0.049999999999999996	-46.167933456395104	-0.06129538803781009	-45.829656080655404	21.297893068911577	3.9316338904208505e-06
2_135818907_rs2874739	-0.049999999999999996	-35.43558056999155	-0.047362155680089155	-35.42188580863863	8.833793240851108	0.0029570310812054297
2_135829309_rs6736412	-0.03406460345289807	-54.708861940751255	-0.03177294501515554	-54.692803187805765	5.974402946955735	0.014514994799519612
2_135837906_rs7570971	-0.07338996338110348	-9.050439096293898	-0.06283642232262657	-8.979192780341126	7.901166031341095	0.004940294065218321
2_135876308_rs2034840	-0.03406460345289807	-22.615512862325755	-0.03600589071168636	-22.610580429571147	3.232441813576841	0.07219297058994663
2_135878814_rs2290518	-0.049999999999999996	-25.033881915579443	-0.047653424030454736	-25.024838394597715	7.438814893571312	0.006383190979823674
2_135888634_rs72978377	-0.049999999999999996	-36.316475343546195	-0.053922438637017435	-36.291411310593325	9.31585913054343	0.0022717883078527588
2_135893372_rs10445686	-0.023207944168063894	-76.07289717643015	-0.02030832316988002	-76.03140474396216	3.9937528504915463	0.04566923841382459
2_135902172_rs7603226	-0.023207944168063894	-46.32761776231443	-0.02290855955927249	-46.3274026761527	2.428156953077007	0.1191729403690681
2_135902220_rs7603310	-0.03406460345289807	-55.50945997860374	-0.03072512044226353	-55.47703288511664	5.307202243960063	0.021237434934087224
2_135907088_rs6730157	-0.07338996338110348	-16.340724026631985	-0.06220881294195833	-16.253906195911348	7.875243821338003	0.0050116113860218785
2_135909462_rs4954221	-0.03406460345289807	-43.99132243740219	-0.02873930712482256	-43.90493526726929	4.968951387032831	0.02580628838376493
2_135912255_rs4954222	-0.049999999999999996	-65.80335008278703	-0.04648535781708382	-65.76185053650254	14.598226209901668	0.00013303971155469022
2_135922945_rs16831378	-0.049999999999999996	-23.174631732747393	-0.04975424629696095	-23.174546310069047	7.2077930187689105	0.0072587697975507485
2_135928312_rs2305248	-0.049999999999999996	-81.34972552572243	-0.04941531311408015	-81.34787372827822	27.768821983437363	1.367116302878113e-07
2_135933317_rs6716969	-0.049999999999999996	-56.952206111010824	-0.05717139056404758	-56.775607541793846	23.70160694907196	1.1248857132192093e-06
2_135939824_rs11903298	-0.049999999999999996	-64.91012118142355	-0.05388607841506626	-64.85581984319157	21.360226502769876	3.80585199958823e-06
2_135943900_rs7586126	-0.03406460345289807	-60.8545686092786	-0.03185774544004026	-60.838492195678725	6.518580988590173	0.010675314629239943
2_135954797_rs1375131	-0.07338996338110348	-5.962648994426669	-0.06612125970894536	-5.948043320747963	3.548723972572006	0.059591260217340264
2_135958693_rs1868320	-0.03406460345289807	-27.79586774952834	-0.040686414875589424	-27.72481956823403	5.333124623850729	0.02092384064607773
2_135958853_rs16831429	-0.03406460345289807	-33.76015368257131	-0.04146738579087433	-33.66517891841178	6.100269772649668	0.013516124652323443
2_135958940_rs80295457	-0.023207944168063894	-76.4643505773552	-0.020735854502290187	-76.43671747964238	3.7889693242454143	0.05159140740235732
2_135960011_rs16831433	-0.03406460345289807	-50.50225648151268	-0.04192767036594524	-50.32319528609345	10.190521098208848	0.0014116441733041652
2_135976498_rs4954228	-0.03406460345289807	-67.19180001658124	-0.03811352031587407	-67.12399753294372	11.997570648944702	0.0005326994558187162
2_135986636_rs11892736	-0.03406460345289807	-40.82107744878384	-0.02878868017980467	-40.751541104030636	4.055426740090226	0.044029589107639544
2_135991896_rs141928185	-0.015811388300841896	-29.965387263920505	-0.019097662189481612	-29.946882003168092	1.2024462585600375	0.2728332976728186
2_136002500_rs1900741	-0.049999999999999996	-57.26005285726352	-0.04503017151496121	-57.177789096413676	14.512136471835134	0.00013925947377602617
2_136005971_rs6430565	-0.03406460345289807	-65.18404228291824	-0.03590407232349682	-65.1695878659523	11.106176879565112	0.0008604067273439283
2_136016079_rs11884903	-0.03406460345289807	-74.74508133354911	-0.03100128872223317	-74.70085042476265	9.144993954613312	0.00249399463154984
2_136027535_rs16831501	-0.023207944168063894	-46.035073368288806	-0.024750727195711707	-46.02851730237998	3.3194676492592947	0.06846399493760953
2_136068890_rs7572152	-0.03406460345289807	-44.617764660629454	-0.037029271637749654	-44.59253154444873	7.927329084759521	0.004869362313644338
2_136072754_rs16831528	-0.03406460345289807	-7.93550219671899	-0.03463155463133406	-7.935340192440909	1.1691859975127397	0.2795685592315299
2_136081038_rs59024601	-0.07338996338110348	-12.297944396619894	-0.07583630138971649	-12.294005876981348	8.683197635719289	0.003211570191770074
2_136092061_rs1561277	-0.07338996338110348	-71.07568475198389	-0.07169172049267072	-71.06538838380419	49.56748431460463	1.916641047392385e-12
2_136094478_rs6742030	-0.015811388300841896	-23.053787591634997	-0.013697549565491057	-23.04839051502772	0.43777040280289015	0.5082005546784708
2_136106561_rs6730002	-0.023207944168063894	-28.024116565084714	-0.020954523020533106	-28.016589373733346	1.2507627427861507	0.26340684754293264
2_136107839_rs10496734	-0.049999999999999996	-9.247928826149433	-0.05036652982770908	-9.247834547607386	3.683899104055847	0.054940229408849385
2_136108385_rs4954244	-0.03406460345289807	-59.83774832803977	-0.03561326713442949	-59.83003159308745	7.949071896769837	0.004811204350264144
2_136120174_rs57961745	-0.023207944168063894	-49.70420418379563	-0.022673351517882006	-49.70343604728292	2.664252622906588	0.10262602139081685
2_136128254_rs1469950	-0.049999999999999996	-32.46769301284039	-0.0493934061801142	-32.467059783536484	8.350028083496255	0.0038568136898184
2_136129791_rs9798267	-0.03406460345289807	-76.9850589023721	-0.034893548524850326	-76.98149998277842	12.578370991988464	0.0003902367257651804
2_136130497_rs74793377	-0.023207944168063894	-25.642748494116482	-0.026099941945863882	-25.63305897356866	1.4989538366658408	0.22083240141879448
2_136136366_rs59788258	-0.023207944168063894	-71.36599234116842	-0.02296056214312815	-71.36574216435262	4.194324841749989	0.04055950082274886
2_136158243_rs59839813	-0.03406460345289807	-33.50807762512193	-0.03472643687545398	-33.507158509845944	5.056888670034951	0.0245282347377943
2_136158644_rs58741231	-0.07338996338110348	-12.033934615326869	-0.0763316460723162	-12.026510921899561	11.712941620099677	0.0006206692743594083
2_136232572_rs6709132	-0.03406460345289807	-73.4070988057818	-0.03539536845910135	-73.39861847354884	11.853908291296818	0.0005754045776340069
2_136258254_rs61580589	-0.03406460345289807	-50.071881491139784	-0.031469621429016895	-50.05322143646716	5.332701461207478	0.020928921161613715
2_136262412_rs7563363	-0.049999999999999996	-3.6523707685966498	-0.055628982730233506	-3.6426884188408666	2.120797672728896	0.1453108456343037
2_136288273_rs3806502	-0.03406460345289807	-85.29279799051463	-0.03445172967168617	-85.29196005827112	13.262234076468644	0.0002708067231175047
2_136289565_rs17331388	-0.03406460345289807	-64.15540675348832	-0.0375412567921729	-64.11685433053003	8.80885262933117	0.002997724851246758
2_136310924_rs4954263	-0.03406460345289807	-28.095568031682397	-0.03423647822608293	-28.09551555168566	3.905525797517811	0.04812756543683593
2_136324225_rs4954265	-0.03406460345289807	-24.850583684293557	-0.030928991463983403	-24.834477266490303	3.089860187690185	0.07878157693688821
2_136340725_rs57708813	-0.049999999999999996	-26.23060505354518	-0.053335436812140244	-26.21619319667677	7.371579735761763	0.006626269791046899
2_136387299_rs73956770	-0.07338996338110348	-23.446977699141627	-0.07768379545753129	-23.428305862999245	13.555761964575524	0.00023157939999605124
2_136388473_rs10187054	-0.03406460345289807	-81.96062705285593	-0.03454534711050051	-81.95935249423763	13.127358776824366	0.00029101473954516965
2_136389840_rs3213943	-0.049999999999999996	-10.528461084604706	-0.045171107209216646	-10.51512134146115	2.5355595843714234	0.11130741957215991
2_136393658_rs961360	-0.023207944168063894	-24.457607314752526	-0.020576772969004578	-24.446487469866273	1.3743341032832745	0.24106861836013999
2_136407479_rs1446585	-0.049999999999999996	-94.19712806640551	-0.04883377640545936	-94.18888516850747	33.517470123755885	7.0626756866209245e-09
2_136409574_rs2305165	-0.049999999999999996	-73.78516585131688	-0.048613604397893855	-73.77618377933858	22.35399818525883	2.267405104204981e-06
2_136415217_rs62168792	-0.023207944168063894	-24.030069623992986	-0.028571259256175277	-23.99113790064607	2.2120638450657353	0.13693536776779305
2_136420908_rs1374330	-0.015811388300841896	-55.87683131593782	-0.01476034002978244	-55.87299072092493	1.4832012280646012	0.22327433139402594
2_136423904_rs2289959	-0.023207944168063894	-38.99251692219442	-0.027560593672025402	-38.95411965979176	2.97597629330825	0.08450912441469688
2_136439517_rs313519	-0.07338996338110348	-56.66350640024767	-0.06968725920945568	-56.6274340324598	33.525607823554594	7.033188022324024e-09
2_136439805_rs4954281	-0.049999999999999996	-66.9143588746054	-0.045789172156666294	-66.84950240021652	15.372272707552924	8.827417156753086e-05
2_136445869_rs313528	-0.049999999999999996	-88.34289420273069	-0.047572771182503436	-88.31193343963251	27.088548529945484	1.9434579544426823e-07
2_136447707_rs7570283	-0.049999999999999996	-29.65535091266762	-0.05878488903677953	-29.532765489087826	11.322173291344406	0.0007658702387620204
2_136462661_rs2117511	0.049999999999999996	-59.5534833526668	0.05010626794930337	-59.553445580762784	17.712821544658595	2.5688925007051152e-05
2_136472107_rs7600925	-0.049999999999999996	-33.29423690426109	-0.05074690052646099	-33.292988906902174	11.895056521030625	0.0005628312017782579
2_136485971_rs724326	-0.023207944168063894	-87.36028905032101	-0.026884085067418458	-87.27943606514974	8.63005005618976	0.0033066248798723444
2_136488978_rs6739713	-0.049999999999999996	-15.014320025452	-0.054851950902022543	-14.992692356799273	6.432698700648178	0.011203822016110131
2_136494985_rs12468768	-0.023207944168063894	-80.58867721276863	-0.023570735873866294	-80.58802869664875	5.3996217832731475	0.020141115778901677
2_136496493_rs62168843	-0.03406460345289807	-61.418230254103634	-0.038633119427753965	-61.33524588267432	11.829433639518086	0.0005830172500100637
2_136496639_rs62168844	-0.07338996338110348	-19.502526262650225	-0.07165945177592774	-19.4996552092499	13.095857546075578	0.0002959494914390634
2_136499166_rs1438307	0.049999999999999996	-76.00088048682977	0.05641534815823234	-75.81849892039601	31.40942415868335	2.0896416689599977e-08
2_136501509_rs6732236	-0.049999999999999996	-39.81939995820863	-0.048923076368896624	-39.81674637612794	12.642319509502357	0.00037711179072544174
2_136501840_rs10928545	0.049999999999999996	-44.92181058490496	0.048562807683736775	-44.91646327387318	13.1187888603707	0.00029234896734150475
2_136506927_rs6430585	0.03406460345289804	-55.617452699841955	0.03138657485348336	-55.588466584297606	8.26335799924864	0.004045323245121443
2_136511817_rs1050115	-0.03406460345289807	-74.92304683710664	-0.03554250074514929	-74.91233288936043	12.495911768134818	0.0004078435342674367
2_136522710_rs9287442	0.049999999999999996	-36.94232154370041	0.04504752925864609	-36.887854569687185	10.33936361624832	0.0013022290124535248
2_136530248_rs58968019	-0.049999999999999996	-27.97891587361774	-0.05067627347472361	-27.97836903212496	5.977382755606776	0.014490490152352986
2_136537057_rs72972104	-0.03406460345289807	-54.59029390909525	-0.031767035334493515	-54.57162799371531	6.98964368706433	0.008198267253623423
2_136539513_rs10188066	0.03406460345289804	-82.27721954369318	0.03983114380947389	-82.09374658887185	18.34051321409507	1.8473656897756037e-05
2_136540083_rs10496737	-0.049999999999999996	-91.75933729156839	-0.046285986040384676	-91.67304958059482	29.138756436618223	6.737561029898817e-08
2_136544752_rs6760329	0.049999999999999996	-90.43061316118396	0.04405160830710546	-90.21516471498592	25.075482069584865	5.512937609015185e-07
2_136546110_rs2278544	0.049999999999999996	-95.82472752173125	0.05031495027695951	-95.82409662452336	35.060266498519894	3.1965718510923495e-09
2_136546635_rs4954633	-0.049999999999999996	-30.456715326059694	-0.0605532880387271	-30.286645635065767	11.958927843642599	0.0005438615655866726
2_136553639_rs1011361	0.049999999999999996	-84.55922050465053	0.04852032306707552	-84.5472057336184	29.15632013602888	6.676758857309098e-08
2_136555525_rs2015532	-0.023207944168063894	-81.85073505709201	-0.02669620543756079	-81.78499722513155	7.630679835926486	0.005738366871194316
2_136555659_rs2322659	0.049999999999999996	-70.2600442125247	0.055647017651009704	-70.14405221474205	25.932087996562444	3.53641586403172e-07
2_136556182_rs3769013	0.015811388300841896	-65.36784185387454	0.015686545078882348	-65.3677736712355	2.1766598362480067	0.14011826881523057
2_136557319_rs2322660	0.049999999999999996	-98.99052218566297	0.05594370862204023	-98.7925765744841	39.99119263761932	2.551105283985042e-10
2_136560761_rs12475516	-0.023207944168063894	-37.44983220639456	-0.019824222868573896	-37.42543293111231	1.6407722857328366	0.20021954038867196
2_136561557_rs2304371	0.023207944168063883	-93.13491253632189	0.02406861419862579	-93.12995804579019	7.730286122943966	0.005430214356575309
2_136561735_rs2304370	-0.03406460345289807	-88.07209551224004	-0.03947418204025124	-87.90034902411031	18.50390064764707	1.6955693080783526e-05
2_136569848_rs12988076	0.049999999999999996	-91.91207158232713	0.04989165438808032	-91.91200103026335	34.50990575262142	4.240875979052079e-09
2_136575199_rs6719488	0.049999999999999996	-94.31611440921105	0.05915964775697157	-93.85796286281708	44.38219380611554	2.701329541721899e-11
2_136578194_rs2874874	-0.03406460345289807	-74.7408040548984	-0.03921881165740895	-74.60113102113935	16.167171727985647	5.799045086353177e-05
2_136580287_rs2164210	0.049999999999999996	-100.54970460526832	0.0483477380249848	-100.53308403914275	32.15921997383637	1.4204102494505528e-08
2_136581848_rs1470457	-0.049999999999999996	-100.99227003951793	-0.05488198129451271	-100.84345959790805	42.55653963973472	6.866829944957527e-11
2_136582694_rs730005	-0.03406460345289807	-67.05649509631088	-0.029428371688444987	-66.96917897900536	7.014012851233019	0.008087421030439747
2_136586183_rs3769008	-0.03406460345289807	-85.8306619825254	-0.036250420202345486	-85.8036928065858	14.939586610021706	0.00011100905743709717
2_136590558_rs3754690	-0.03406460345289807	-43.45720856532434	-0.030144499319792704	-43.41613384469634	4.673999135564287	0.030622541483070975
2_136590746_rs3754689	-0.03406460345289807	-83.87573226799569	-0.030357887791596542	-83.79849318904414	10.351391393671634	0.0012937713004113045
2_136594158_rs2236783	0.049999999999999996	-103.22770723991658	0.050003135628020244	-103.2277071606095	33.00287828928981	9.20225372362157e-09
2_136608231_rs4954490	0.07338996338110344	-72.62746274111014	0.06940043975824538	-72.56557574660293	50.79519331027623	1.0252448285750293e-12
2_136608646_rs4988235	0.07338996338110344	-80.36841380206168	0.07689680169158845	-80.32000117114706	63.272073248055506	1.8003880733324127e-15
2_136609671_rs4988232	-0.023207944168063894	-10.243920453939584	-0.0240189959079641	-10.24351468960151	0.6808013019239247	0.4093109352114427
2_136617805_rs160329	0.07338996338110344	-81.89343716250102	0.06421152879607199	-81.55496393400493	43.14843504306435	5.0740465368166046e-11
2_136640787_rs7561565	-0.03406460345289807	-58.90083863758586	-0.038141844611482636	-58.83329972273758	12.2009884659102	0.00047764200771624433
2_136641382_rs584226	-0.03406460345289807	-77.46407461292063	-0.03020728361334888	-77.38786146560446	9.440133854996645	0.00212288000068017
2_136643555_rs309125	-0.049999999999999996	-96.90452500042974	-0.05595275463449655	-96.70577377531605	40.624310705379145	1.8449691417953154e-10
2_136643900_rs309126	-0.03406460345289807	-91.98821723124064	-0.033348394821248815	-91.98499186088898	14.163985793453094	0.00016754695869986637
2_136648077_rs12472293	-0.03406460345289807	-73.16438253740112	-0.03906385278291653	-73.04481736287771	15.07597863260969	0.00010326909825499891
2_136655620_rs6430593	-0.049999999999999996	-78.70284549836839	-0.05802691290690095	-78.39988913451589	33.04616655914481	8.999631486097797e-09
2_136657252_rs309152	-0.023207944168063894	-77.63665553023239	-0.021743569839763395	-77.62567696243465	4.755552550865303	0.029203915075110592
2_136659495_rs12478902	-0.023207944168063894	-8.926897517518078	-0.02604658774013796	-8.922367058015327	0.7761282063934729	0.37832789371953457
2_136670298_rs309168	-0.023207944168063894	-5.340688646851705	-0.026207204686456483	-5.336336498103969	0.6319802543763231	0.42662987271262376
2_136685228_rs309160	-0.07338996338110348	-75.27800682136152	-0.06917598878918967	-75.22077682948627	41.23534559053502	1.3495987584165204e-10
2_136688749_rs309161	-0.049999999999999996	-22.218846456208464	-0.046734175057390824	-22.206383898902832	5.2866484173910635	0.02148953963512792
2_136707982_rs6754311	-0.10772173450159421	-53.76080924322816	-0.09617452044164988	-53.57045056051974	43.57647363134093	4.077111628254858e-11
2_136710372_rs309119	-0.03406460345289807	-68.16699771612221	-0.03694565622652914	-68.13063418890638	12.195376045275026	0.0004790811749640261
2_136714178_rs309143	-0.023207944168063894	-75.94486107123772	-0.021282885149402523	-75.92465656541638	4.871431691624792	0.027304838324959856
2_136719173_rs6430594	-0.03406460345289807	-50.52055866291723	-0.030248262165858464	-50.4686052015248	6.682444381975486	0.009736701355700882
2_136721995_rs13404551	-0.049999999999999996	-83.72570288270573	-0.0589654069233332	-83.32858169193877	39.96870699326794	2.5806419104677136e-10
2_136747085_rs11893318	-0.03406460345289807	-9.907145278145935	-0.03187577983863101	-9.90171203526252	2.466038792844131	0.11633077098055333
2_136751488_rs10496738	-0.03406460345289807	-65.33050721290131	-0.035791375000634305	-65.32076687382461	8.256775490463014	0.004060017896369783
2_136755684_rs309134	-0.049999999999999996	-82.51316034646497	-0.05466413760603123	-82.3995878190212	36.20341534071599	1.7775875387827052e-09
2_136761853_rs309122	-0.049999999999999996	-67.68636725699781	-0.04684969670171294	-67.64540133208688	19.377886836292788	1.0724167263297552e-05
2_136765951_rs309137	-0.049999999999999996	-93.89630267602531	-0.05309886731528379	-93.84101833451174	37.421325778508645	9.517572881045174e-10
2_136770509_rs12471781	-0.023207944168063894	-69.37337694030101	-0.021786086812491546	-69.36354379938011	4.529853807214067	0.03330846303361836
2_136783169_rs6714750	-0.049999999999999996	-91.94254298137493	-0.05200504994024976	-91.91840112484675	35.879817449487604	2.0987147066399892e-09
2_136785688_rs7585965	-0.015811388300841896	-42.53090205462331	-0.015955424310809267	-42.53085526192887	1.1394168126919197	0.28577559165092764
2_136787402_rs6716536	-0.049999999999999996	-57.42594922666682	-0.055703851540080646	-57.31860690565136	23.1650863279839	1.4867221790469015e-06
2_136788978_rs7585506	-0.015811388300841896	-45.06712270462643	-0.01785040705821155	-45.05776901911922	1.3957009743282782	0.23744469588087141
2_136790283_rs7578528	-0.03406460345289807	-30.20718089485462	-0.03483319884184833	-30.206256070671394	3.6641143514507206	0.05559618346282304
2_136793114_rs4954555	-0.03406460345289807	-71.8055902197857	-0.030152059829541406	-71.74498532664542	7.026238744291646	0.008032388665924654
2_136796019_rs57243841	-0.049999999999999996	-22.141532570110282	-0.06049405780810689	-21.979881370309435	12.627575352721905	0.0003800978640633316
2_136805401_rs4954557	0.03406460345289804	-94.06438417710294	0.04068965722623412	-93.80464667355756	20.86840149767727	4.91943301189507e-06
2_136806774_rs7371606	0.03406460345289804	-20.847130821509204	0.032943041779951186	-20.845262705239687	3.428327468123527	0.06408697323084492
2_136815835_rs729962	-0.023207944168063894	-38.73054705139489	-0.020642260236186833	-38.71803324720067	1.5563634495409104	0.21219847654926188
2_136817088_rs749873	0.049999999999999996	-41.13950293799243	0.05217346453619791	-41.12789957049575	16.164075085400526	5.808533299828524e-05
2_136817616_rs2011946	0.049999999999999996	-67.90115591369862	0.044936142330602225	-67.79195325904071	20.068890171443314	7.470199138207965e-06
2_136818719_rs2090660	-0.03406460345289807	-70.70268145533332	-0.04056025618881089	-70.49659657188742	16.767437903378067	4.225216479462897e-05
2_136822267_rs4954559	-0.03406460345289807	-98.05295945197518	-0.04002044738236533	-97.81047731801794	23.255788027420436	1.4182298292391434e-06
2_136825272_rs932206	0.049999999999999996	-89.17616643865959	0.05395457480821235	-89.08883841369911	37.91225743014684	7.399885592427688e-10
2_136836365_rs6430600	0.004999999999999999	-52.376337241234936	0.00438304338545647	-52.37518070386649	0.1175724732019745	0.7316823986703989
2_136840424_rs11890513	-0.03406460345289807	-67.7483256260882	-0.038056011229879866	-67.6974324163563	9.085013345399489	0.0025771260240407905
2_136849515_rs10189863	-0.015811388300841896	-34.40285467816395	-0.015455213763491123	-34.40259687049151	0.9607709084659461	0.3269927243638817
2_136864703_rs16832731	0.015811388300841896	-62.507220798460374	0.01884338141328794	-62.47481643289072	2.622136959242937	0.10538243391762554
2_136867876_rs16832740	0.007338996338110344	-21.081909196746572	0.007534067267418983	-21.081853401453525	0.17097965883783672	0.6792426175299051
2_136869873_rs2734871	0.03406460345289804	-49.674232517126164	0.03009843080868506	-49.63818800779881	4.702120787556126	0.030125422185107734
2_136873084_rs2228014	-0.023207944168063894	-45.50277844210862	-0.025401514760655098	-45.492094778168614	2.7759165009623104	0.09569186757797175
2_136880385_rs59222832	-0.03406460345289807	-58.58889043234063	-0.030412541544420624	-58.54840718805485	5.482653405952846	0.01920608365096394
2_136880474_rs12691874	0.015811388300841896	-83.24846236881164	0.014281873998107958	-83.23519916721006	2.338105920373124	0.1262429695138621
2_136882105_rs6751768	-0.03406460345289807	-58.397146606166814	-0.03668705268434252	-58.37270889455021	9.389687840481841	0.002182093571762905
2_136883432_rs11688530	-0.03406460345289807	-63.84496302698695	-0.03415529894798513	-63.844935279474	7.422600144540496	0.006440967203360177
2_136883823_rs4954391	-0.023207944168063894	-72.94484936702976	-0.02739550833642211	-72.86970836510537	6.904715898224566	0.008596868580569895
2_136884461_rs11679328	-0.03406460345289807	-67.79149613198383	-0.032706757630025104	-67.7843530988832	8.07446357653805	0.0044893394944558645
2_136884679_rs10191360	0.03406460345289804	-16.890707631017808	0.03870409267375874	-16.875748950661514	2.299823458047655	0.12938870444212397
2_136887312_rs2056296	-0.049999999999999996	-77.8141224171935	-0.0486716114812514	-77.8072322774277	18.747544622942087	1.4921535636148935e-05
2_136895508_rs4954564	-0.049999999999999996	-90.5277741161207	-0.05294370651650497	-90.47604483719867	38.11073884297943	6.684123951712632e-10
2_136899859_rs58280663	-0.015811388300841896	-95.33059866564919	-0.018359143944122653	-95.28517950626053	4.852138815185953	0.027611873759065382
2_136906692_rs2102895	0.03406460345289804	-96.08991883875044	0.03048510206807782	-96.01073837236059	12.52341073383252	0.000401884590902003
2_136907129_rs953388	-0.03406460345289807	-84.89169274119189	-0.029142715110900972	-84.77197548616417	8.273188030344073	0.0040234795833775545
2_136907170_rs953387	-0.049999999999999996	-100.45841649880275	-0.04500642804882958	-100.29745160982365	29.12675494904272	6.779426651218702e-08
2_136910273_rs6715785	-0.03406460345289807	-67.25076415270917	-0.03387240093482834	-67.25061755942383	9.685434302758324	0.001857344810557793
2_136915698_rs12691875	0.015811388300841896	-21.530802005780725	0.014614443792433918	-21.528457228647994	0.7329581635653994	0.3919260098494276
2_136917330_rs4954394	-0.03406460345289807	-64.80798933511112	-0.0358304368630795	-64.79675093289808	9.53128501532072	0.0020199863703048533
2_136925148_rs56046243	-0.049999999999999996	-52.06708169957987	-0.049345333327961885	-52.065745654397176	15.423084671989912	8.593210990437444e-05
2_136926222_rs10928558	-0.03406460345289807	-74.4812363273848	-0.03342959233751096	-74.4790172117645	12.995600966876651	0.0003122236257551791
2_136928320_rs7568884	-0.049999999999999996	-99.36993964440668	-0.045021164698711875	-99.20262022333608	30.48777413632851	3.3597717804216636e-08
2_136930587_rs13431630	-0.010772173450159421	-89.46183213715612	-0.011513056203267653	-89.45856051802677	1.613939062120238	0.20393897416266754
2_136940662_rs1016269	-0.010772173450159421	-46.081887595891104	-0.010876853178573532	-46.08185949090609	0.602902749528397	0.43747263401666103
2_136945029_rs1123848	-0.023207944168063894	-109.61734071158214	-0.024970167288406987	-109.59246690820885	10.156212752559867	0.0014381575752257436
2_136946042_rs61116130	-0.049999999999999996	-41.54833695269202	-0.05926017783849197	-41.384329654524954	15.741977321655042	7.259515693886698e-05
2_136946230_rs73960136	-0.03406460345289807	-50.349496125183684	-0.03314570258958833	-50.34741296222309	5.230741627252925	0.022191068536752796
2_136949744_rs16833335	-0.049999999999999996	-96.94078709224112	-0.04522165176137956	-96.7927741208394	29.2682480137467	6.301993497891083e-08
2_136950383_rs6734803	-0.023207944168063894	-63.72764050956292	-0.026721979350702554	-63.68250250662923	5.090944424469669	0.024051090307413966
2_136973781_rs1519528	-0.023207944168063894	-52.87071111429343	-0.020606334358658607	-52.84968753242369	2.835065318898444	0.09222705110599023
2_136976255_rs882300	-0.015811388300841896	-49.497176494743826	-0.018767134553754304	-49.47337546323847	1.9962795160054725	0.15768584654324297
2_136976936_rs7371043	-0.010772173450159421	-58.52984394176541	-0.013082033209740294	-58.513219116911834	1.046436697973263	0.306329176970789
2_136981971_rs6704802	0.03406460345289804	-58.31524150472824	0.03205339487643518	-58.302295443698654	6.327879117913469	0.01188543700786247
2_136984041_rs4398317	0.007338996338110344	-66.39729683380696	0.00861527163262058	-66.39103344250132	0.5640335614298237	0.4526396093310433
2_136984337_rs4619664	0.03406460345289804	-46.42657164456803	0.03822664506658836	-46.3840594881122	7.014951891066588	0.00808318049420299
2_136986303_rs4954580	0.015811388300841896	-79.24408454136406	0.016770528519610216	-79.2396564542029	2.6580906741924366	0.10302433577817115
2_136986387_rs4954581	0.03406460345289804	-32.74761408041629	0.0342183426823163	-32.74756443884551	4.854973221886368	0.027566541645689824
2_136990077_rs4954583	0.023207944168063883	-33.22011359562456	0.022462966080457208	-33.21896646203212	2.0720126800304115	0.15002342293446924
2_136990327_rs4440020	0.01077217345015941	-68.74213350321126	0.010557220453472174	-68.74193489520674	0.9413684829020781	0.3319261512073199
2_136992481_rs4954400	0.007338996338110344	-60.33265137562894	0.008139452178010095	-60.33059573358628	0.4180866761698354	0.517893302855645
2_136996822_rs12477034	0.03406460345289804	-95.20540061419804	0.03629919579595767	-95.17329667975307	17.905620146464997	2.3213459184313233e-05
