1.000000000000000021e-03	1.336099797342878981e-01
2.000000000000000042e-03	6.680498986714394904e-02
3.000000000000000062e-03	4.453665991142929936e-02
4.000000000000000083e-03	3.340249493357197452e-02
5.000000000000000104e-03	2.672199594685758031e-02
6.000000000000000125e-03	2.226832995571464968e-02
7.000000000000000146e-03	1.908713996204112681e-02
8.000000000000000167e-03	1.670124746678598726e-02
8.999999999999999320e-03	1.484555330380976645e-02
1.000000000000000021e-02	1.336099797342879016e-02
1.099999999999999936e-02	1.214636179402617255e-02
1.200000000000000025e-02	1.113416497785732484e-02
1.299999999999999940e-02	1.027769074879137691e-02
1.400000000000000029e-02	9.543569981020563406e-03
1.499999999999999944e-02	8.907331982285859526e-03
1.600000000000000033e-02	8.350623733392993631e-03
1.700000000000000122e-02	7.859410572605170578e-03
1.799999999999999864e-02	7.422776651904883227e-03
1.899999999999999953e-02	7.032104196541467955e-03
2.000000000000000042e-02	6.680498986714395078e-03
2.100000000000000130e-02	6.362379987347042271e-03
2.199999999999999872e-02	6.073180897013086277e-03
2.299999999999999961e-02	5.809129553664691033e-03
2.400000000000000050e-02	5.567082488928662420e-03
2.500000000000000139e-02	5.344399189371516409e-03
2.599999999999999881e-02	5.138845374395688455e-03
2.699999999999999969e-02	4.948517767936588818e-03
2.800000000000000058e-02	4.771784990510281703e-03
2.900000000000000147e-02	4.607240680492685932e-03
2.999999999999999889e-02	4.453665991142929763e-03
3.099999999999999978e-02	4.309999346267351719e-03
3.200000000000000067e-02	4.175311866696496815e-03
3.300000000000000155e-02	4.048787264675390851e-03
3.400000000000000244e-02	3.929705286302585289e-03
3.500000000000000333e-02	3.817427992408225449e-03
3.599999999999999728e-02	3.711388325952441614e-03
3.699999999999999817e-02	3.611080533359132486e-03
3.799999999999999906e-02	3.516052098270733978e-03
3.899999999999999994e-02	3.425896916263792159e-03
4.000000000000000083e-02	3.340249493357197539e-03
4.100000000000000172e-02	3.258779993519217259e-03
4.200000000000000261e-02	3.181189993673521135e-03
4.299999999999999656e-02	3.107208831029951209e-03
4.399999999999999745e-02	3.036590448506543138e-03
4.499999999999999833e-02	2.969110660761953464e-03
4.599999999999999922e-02	2.904564776832345516e-03
4.700000000000000011e-02	2.842765526261444714e-03
4.800000000000000100e-02	2.783541244464331210e-03
4.900000000000000189e-02	2.726734280291589606e-03
5.000000000000000278e-02	2.672199594685758205e-03
5.099999999999999672e-02	2.619803524201723671e-03
5.199999999999999761e-02	2.569422687197844227e-03
5.299999999999999850e-02	2.520943013854488619e-03
5.399999999999999939e-02	2.474258883968294409e-03
5.500000000000000028e-02	2.429272358805234337e-03
5.600000000000000117e-02	2.385892495255140851e-03
5.700000000000000205e-02	2.344034732180489463e-03
5.800000000000000294e-02	2.303620340246342966e-03
5.899999999999999689e-02	2.264575927699795030e-03
5.999999999999999778e-02	2.226832995571464881e-03
6.099999999999999867e-02	2.190327536627670411e-03
6.199999999999999956e-02	2.154999673133675860e-03
6.300000000000000044e-02	2.120793329115681046e-03
6.400000000000000133e-02	2.087655933348248408e-03
6.500000000000000222e-02	2.055538149758275642e-03
6.600000000000000311e-02	2.024393632337695426e-03
6.700000000000000400e-02	1.994178802004296838e-03
6.800000000000000488e-02	1.964852643151292644e-03
6.900000000000000577e-02	1.936376517888230417e-03
7.000000000000000666e-02	1.908713996204112725e-03
7.099999999999999367e-02	1.881830700482928307e-03
7.199999999999999456e-02	1.855694162976220807e-03
7.299999999999999545e-02	1.830273694990245141e-03
7.399999999999999634e-02	1.805540266679566243e-03
7.499999999999999722e-02	1.781466396457172209e-03
7.599999999999999811e-02	1.758026049135366989e-03
7.699999999999999900e-02	1.735194542003738998e-03
7.799999999999999989e-02	1.712948458131896079e-03
7.900000000000000078e-02	1.691265566256808760e-03
8.000000000000000167e-02	1.670124746678598769e-03
8.100000000000000255e-02	1.649505922645529534e-03
8.200000000000000344e-02	1.629389996759608630e-03
8.300000000000000433e-02	1.609758791979372470e-03
8.400000000000000522e-02	1.590594996836760568e-03
8.500000000000000611e-02	1.571882114521034072e-03
8.599999999999999312e-02	1.553604415514975605e-03
8.699999999999999400e-02	1.535746893497562122e-03
8.799999999999999489e-02	1.518295224253271569e-03
8.899999999999999578e-02	1.501235727351549502e-03
8.999999999999999667e-02	1.484555330380976732e-03
9.099999999999999756e-02	1.468241535541625490e-03
9.199999999999999845e-02	1.452282388416172758e-03
9.299999999999999933e-02	1.436666448755783906e-03
9.400000000000000022e-02	1.421382763130722357e-03
9.500000000000000111e-02	1.406420839308293678e-03
9.600000000000000200e-02	1.391770622232165605e-03
9.700000000000000289e-02	1.377422471487504095e-03
9.800000000000000377e-02	1.363367140145794803e-03
9.900000000000000466e-02	1.349595754891797167e-03
1.000000000000000056e-01	1.336099797342879102e-03
1.010000000000000064e-01	1.322871086478098106e-03
1.019999999999999934e-01	1.309901762100861835e-03
1.029999999999999943e-01	1.297184269264930936e-03
1.039999999999999952e-01	1.284711343598922114e-03
1.049999999999999961e-01	1.272475997469408628e-03
1.059999999999999970e-01	1.260471506927244309e-03
1.069999999999999979e-01	1.248691399385868034e-03
1.079999999999999988e-01	1.237129441984147205e-03
1.089999999999999997e-01	1.225779630589797367e-03
1.100000000000000006e-01	1.214636179402617169e-03
1.110000000000000014e-01	1.203693511119710829e-03
1.120000000000000023e-01	1.192946247627570426e-03
1.130000000000000032e-01	1.182389201188388484e-03
1.140000000000000041e-01	1.172017366090244731e-03
1.150000000000000050e-01	1.161825910732938293e-03
1.160000000000000059e-01	1.151810170123171483e-03
1.170000000000000068e-01	1.141965638754597603e-03
1.179999999999999938e-01	1.132287963849897515e-03
1.189999999999999947e-01	1.122772938943595797e-03
1.199999999999999956e-01	1.113416497785732441e-03
1.209999999999999964e-01	1.104214708547833967e-03
1.219999999999999973e-01	1.095163768313835205e-03
1.229999999999999982e-01	1.086259997839739231e-03
1.239999999999999991e-01	1.077499836566837930e-03
1.250000000000000000e-01	1.068879837874303152e-03
1.260000000000000009e-01	1.060396664557840523e-03
1.270000000000000018e-01	1.052047084521951902e-03
1.280000000000000027e-01	1.043827966674124204e-03
1.290000000000000036e-01	1.035736277009983736e-03
1.300000000000000044e-01	1.027769074879137821e-03
1.310000000000000053e-01	1.019923509422044966e-03
1.320000000000000062e-01	1.012196816168847713e-03
1.330000000000000071e-01	1.004586313791638310e-03
1.340000000000000080e-01	9.970894010021484188e-04
1.350000000000000089e-01	9.897035535873178937e-04
1.360000000000000098e-01	9.824263215756463222e-04
1.370000000000000107e-01	9.752553265276488453e-04
1.380000000000000115e-01	9.681882589441152083e-04
1.390000000000000124e-01	9.612228757862439476e-04
1.400000000000000133e-01	9.543569981020563623e-04
1.409999999999999865e-01	9.475885087538148685e-04
1.419999999999999873e-01	9.409153502414641535e-04
1.429999999999999882e-01	9.343355226173979304e-04
1.439999999999999891e-01	9.278470814881104034e-04
1.449999999999999900e-01	9.214481360985372297e-04
1.459999999999999909e-01	9.151368474951225703e-04
1.469999999999999918e-01	9.089114267638632744e-04
1.479999999999999927e-01	9.027701333397831216e-04
1.489999999999999936e-01	8.967112733844824924e-04
1.499999999999999944e-01	8.907331982285861044e-04
1.509999999999999953e-01	8.848343028760788506e-04
1.519999999999999962e-01	8.790130245676834944e-04
1.529999999999999971e-01	8.732678414005745930e-04
1.539999999999999980e-01	8.675972710018694991e-04
1.549999999999999989e-01	8.619998692534703221e-04
1.559999999999999998e-01	8.564742290659480397e-04
1.570000000000000007e-01	8.510189791992860435e-04
1.580000000000000016e-01	8.456327831284043799e-04
1.590000000000000024e-01	8.403143379514963146e-04
1.600000000000000033e-01	8.350623733392993847e-04
1.610000000000000042e-01	8.298756505235272904e-04
1.620000000000000051e-01	8.247529613227647669e-04
1.630000000000000060e-01	8.196931272042202749e-04
1.640000000000000069e-01	8.146949983798043148e-04
1.650000000000000078e-01	8.097574529350781486e-04
1.660000000000000087e-01	8.048793959896862350e-04
1.670000000000000095e-01	8.000597588879516031e-04
1.680000000000000104e-01	7.952974984183802838e-04
1.690000000000000113e-01	7.905915960608751302e-04
1.700000000000000122e-01	7.859410572605170361e-04
1.710000000000000131e-01	7.813449107268297849e-04
1.719999999999999862e-01	7.768022077574878023e-04
1.729999999999999871e-01	7.723120215854791058e-04
1.739999999999999880e-01	7.678734467487810609e-04
1.749999999999999889e-01	7.634855984816451549e-04
1.759999999999999898e-01	7.591476121266357846e-04
1.769999999999999907e-01	7.548586425665983072e-04
1.779999999999999916e-01	7.506178636757747510e-04
1.789999999999999925e-01	7.464244677893178961e-04
1.799999999999999933e-01	7.422776651904883661e-04
1.809999999999999942e-01	7.381766836148502759e-04
1.819999999999999951e-01	7.341207677708127448e-04
1.829999999999999960e-01	7.301091788758901730e-04
1.839999999999999969e-01	7.261411942080863791e-04
1.849999999999999978e-01	7.222161066718265623e-04
1.859999999999999987e-01	7.183332243778919532e-04
1.869999999999999996e-01	7.144918702368336988e-04
1.880000000000000004e-01	7.106913815653611785e-04
1.890000000000000013e-01	7.069311097052269430e-04
1.900000000000000022e-01	7.032104196541468389e-04
1.910000000000000031e-01	6.995286897083136156e-04
1.920000000000000040e-01	6.958853111160828026e-04
1.930000000000000049e-01	6.922796877424243879e-04
1.940000000000000058e-01	6.887112357437520475e-04
1.950000000000000067e-01	6.851793832527584751e-04
1.960000000000000075e-01	6.816835700728974016e-04
1.970000000000000084e-01	6.782232473821720809e-04
1.980000000000000093e-01	6.747978774458985836e-04
1.990000000000000102e-01	6.714069333381301324e-04
2.000000000000000111e-01	6.680498986714395512e-04
2.010000000000000120e-01	6.647262673347656848e-04
2.020000000000000129e-01	6.614355432390490530e-04
2.030000000000000138e-01	6.581772400703837355e-04
2.039999999999999869e-01	6.549508810504309176e-04
2.049999999999999878e-01	6.517559987038434302e-04
2.059999999999999887e-01	6.485921346324654679e-04
2.069999999999999896e-01	6.454588392960767694e-04
2.079999999999999905e-01	6.423556717994610568e-04
2.089999999999999913e-01	6.392821996855879664e-04
2.099999999999999922e-01	6.362379987347043138e-04
2.109999999999999931e-01	6.332226527691370462e-04
2.119999999999999940e-01	6.302357534636221547e-04
2.129999999999999949e-01	6.272769001609761023e-04
2.139999999999999958e-01	6.243456996929340171e-04
2.149999999999999967e-01	6.214417662059901768e-04
2.159999999999999976e-01	6.185647209920736023e-04
2.169999999999999984e-01	6.157141923239074039e-04
2.179999999999999993e-01	6.128898152948986837e-04
2.190000000000000002e-01	6.100912316634150108e-04
2.200000000000000011e-01	6.073180897013085843e-04
2.210000000000000020e-01	6.045700440465516913e-04
2.220000000000000029e-01	6.018467555598554144e-04
2.230000000000000038e-01	5.991478911851475572e-04
2.240000000000000047e-01	5.964731238137852129e-04
2.250000000000000056e-01	5.938221321523906278e-04
2.260000000000000064e-01	5.911946005941942422e-04
2.270000000000000073e-01	5.885902190937793068e-04
2.280000000000000082e-01	5.860086830451223657e-04
2.290000000000000091e-01	5.834496931628292086e-04
2.300000000000000100e-01	5.809129553664691466e-04
2.310000000000000109e-01	5.783981806679129633e-04
2.320000000000000118e-01	5.759050850615857415e-04
2.330000000000000127e-01	5.734333894175446889e-04
2.340000000000000135e-01	5.709828193772988015e-04
2.349999999999999867e-01	5.685531052522889428e-04
2.359999999999999876e-01	5.661439819249487575e-04
2.369999999999999885e-01	5.637551887522695504e-04
2.379999999999999893e-01	5.613864694717978984e-04
2.389999999999999902e-01	5.590375721099911845e-04
2.399999999999999911e-01	5.567082488928662204e-04
2.409999999999999920e-01	5.543982561588709163e-04
2.419999999999999929e-01	5.521073542739169835e-04
2.429999999999999938e-01	5.498353075485099169e-04
2.439999999999999947e-01	5.475818841569176027e-04
2.449999999999999956e-01	5.453468560583180297e-04
2.459999999999999964e-01	5.431299989198696155e-04
2.469999999999999973e-01	5.409310920416514562e-04
2.479999999999999982e-01	5.387499182834189649e-04
2.489999999999999991e-01	5.365862639931240482e-04
2.500000000000000000e-01	5.344399189371515759e-04
2.510000000000000009e-01	5.323106762322227020e-04
2.520000000000000018e-01	5.301983322789202615e-04
2.530000000000000027e-01	5.281026866967900545e-04
2.540000000000000036e-01	5.260235422609759511e-04
2.550000000000000044e-01	5.239607048403446907e-04
2.560000000000000053e-01	5.219139833370621019e-04
2.570000000000000062e-01	5.198831896275794362e-04
2.580000000000000071e-01	5.178681385049918682e-04
2.590000000000000080e-01	5.158686476227331659e-04
2.600000000000000089e-01	5.138845374395689105e-04
2.610000000000000098e-01	5.119156311658540045e-04
2.620000000000000107e-01	5.099617547110224828e-04
2.630000000000000115e-01	5.080227366322734176e-04
2.640000000000000124e-01	5.060984080844238564e-04
2.650000000000000133e-01	5.041886027708977888e-04
2.660000000000000142e-01	5.022931568958191552e-04
2.670000000000000151e-01	5.004119091171832035e-04
2.680000000000000160e-01	4.985447005010742094e-04
2.690000000000000169e-01	4.966913744769066831e-04
2.700000000000000178e-01	4.948517767936589469e-04
2.710000000000000187e-01	4.930257554770770727e-04
2.720000000000000195e-01	4.912131607878231611e-04
2.730000000000000204e-01	4.894138451805417215e-04
2.740000000000000213e-01	4.876276632638244226e-04
2.750000000000000222e-01	4.858544717610469217e-04
2.760000000000000231e-01	4.840941294720576041e-04
2.770000000000000240e-01	4.823464972356963898e-04
2.780000000000000249e-01	4.806114378931219738e-04
2.790000000000000258e-01	4.788888162519279327e-04
2.800000000000000266e-01	4.771784990510281811e-04
2.810000000000000275e-01	4.754803549262914494e-04
2.819999999999999729e-01	4.737942543769074343e-04
2.829999999999999738e-01	4.721200697324660846e-04
2.839999999999999747e-01	4.704576751207320768e-04
2.849999999999999756e-01	4.688069464360978926e-04
2.859999999999999765e-01	4.671677613086989652e-04
2.869999999999999774e-01	4.655399990741738710e-04
2.879999999999999782e-01	4.639235407440552017e-04
2.889999999999999791e-01	4.623182689767747463e-04
2.899999999999999800e-01	4.607240680492686149e-04
2.909999999999999809e-01	4.591408238291680498e-04
2.919999999999999818e-01	4.575684237475612852e-04
2.929999999999999827e-01	4.560067567723136627e-04
2.939999999999999836e-01	4.544557133819316372e-04
2.949999999999999845e-01	4.529151855399589626e-04
2.959999999999999853e-01	4.513850666698915608e-04
2.969999999999999862e-01	4.498652516305989835e-04
2.979999999999999871e-01	4.483556366922412462e-04
2.989999999999999880e-01	4.468561195126685660e-04
2.999999999999999889e-01	4.453665991142930522e-04
3.009999999999999898e-01	4.438869758614216168e-04
3.019999999999999907e-01	4.424171514380394253e-04
3.029999999999999916e-01	4.409570288260326659e-04
3.039999999999999925e-01	4.395065122838417472e-04
3.049999999999999933e-01	4.380655073255340821e-04
3.059999999999999942e-01	4.366339207002872965e-04
3.069999999999999951e-01	4.352116603722733213e-04
3.079999999999999960e-01	4.337986355009347495e-04
3.089999999999999969e-01	4.323947564216436995e-04
3.099999999999999978e-01	4.309999346267351611e-04
3.109999999999999987e-01	4.296140827469064239e-04
3.119999999999999996e-01	4.282371145329740198e-04
3.130000000000000004e-01	4.268689448379804846e-04
3.140000000000000013e-01	4.255094895996430217e-04
3.150000000000000022e-01	4.241586658231362092e-04
3.160000000000000031e-01	4.228163915642021899e-04
3.170000000000000040e-01	4.214825859125801051e-04
3.180000000000000049e-01	4.201571689757481573e-04
3.190000000000000058e-01	4.188400618629714730e-04
3.200000000000000067e-01	4.175311866696496924e-04
3.210000000000000075e-01	4.162304664619560475e-04
3.220000000000000084e-01	4.149378252617636452e-04
3.230000000000000093e-01	4.136531880318510945e-04
3.240000000000000102e-01	4.123764806613823834e-04
3.250000000000000111e-01	4.111076299516550959e-04
3.260000000000000120e-01	4.098465636021101375e-04
3.270000000000000129e-01	4.085932101965990683e-04
3.280000000000000138e-01	4.073474991899021574e-04
3.290000000000000147e-01	4.061093608944921175e-04
3.300000000000000155e-01	4.048787264675390743e-04
3.310000000000000164e-01	4.036555278981507539e-04
3.320000000000000173e-01	4.024396979948431175e-04
3.330000000000000182e-01	4.012311703732369429e-04
3.340000000000000191e-01	4.000298794439758015e-04
3.350000000000000200e-01	3.988357604008594109e-04
3.360000000000000209e-01	3.976487492091901419e-04
3.370000000000000218e-01	3.964687825943261209e-04
3.380000000000000226e-01	3.952957980304375651e-04
3.390000000000000235e-01	3.941297337294628281e-04
3.400000000000000244e-01	3.929705286302585181e-04
3.410000000000000253e-01	3.918181223879410309e-04
3.420000000000000262e-01	3.906724553634148924e-04
3.430000000000000271e-01	3.895334686130842760e-04
3.439999999999999725e-01	3.884011038787439011e-04
3.449999999999999734e-01	3.872753035776461158e-04
3.459999999999999742e-01	3.861560107927395529e-04
3.469999999999999751e-01	3.850431692630775188e-04
3.479999999999999760e-01	3.839367233743905304e-04
3.489999999999999769e-01	3.828366181498220788e-04
3.499999999999999778e-01	3.817427992408225774e-04
3.509999999999999787e-01	3.806552129181991649e-04
3.519999999999999796e-01	3.795738060633178923e-04
3.529999999999999805e-01	3.784985261594558015e-04
3.539999999999999813e-01	3.774293212832991536e-04
3.549999999999999822e-01	3.763661400965856397e-04
3.559999999999999831e-01	3.753089318378873755e-04
3.569999999999999840e-01	3.742576463145319142e-04
3.579999999999999849e-01	3.732122338946589481e-04
3.589999999999999858e-01	3.721726454994091736e-04
3.599999999999999867e-01	3.711388325952441830e-04
3.609999999999999876e-01	3.701107471863930988e-04
3.619999999999999885e-01	3.690883418074251379e-04
3.629999999999999893e-01	3.680715695159446376e-04
3.639999999999999902e-01	3.670603838854063724e-04
3.649999999999999911e-01	3.660547389980490498e-04
3.659999999999999920e-01	3.650545894379450865e-04
3.669999999999999929e-01	3.640598902841631957e-04
3.679999999999999938e-01	3.630705971040431895e-04
3.689999999999999947e-01	3.620866659465796895e-04
3.699999999999999956e-01	3.611080533359132812e-04
3.709999999999999964e-01	3.601347162649269997e-04
3.719999999999999973e-01	3.591666121889459766e-04
3.729999999999999982e-01	3.582036990195386220e-04
3.739999999999999991e-01	3.572459351184168494e-04
3.750000000000000000e-01	3.562932792914343658e-04
3.760000000000000009e-01	3.553456907826805893e-04
3.770000000000000018e-01	3.544031292686681319e-04
3.780000000000000027e-01	3.534655548526134715e-04
3.790000000000000036e-01	3.525329280588071230e-04
3.800000000000000044e-01	3.516052098270734194e-04
3.810000000000000053e-01	3.506823615073173007e-04
3.820000000000000062e-01	3.497643448541568078e-04
3.830000000000000071e-01	3.488511220216394403e-04
3.840000000000000080e-01	3.479426555580414013e-04
3.850000000000000089e-01	3.470389084007477780e-04
3.860000000000000098e-01	3.461398438712121940e-04
3.870000000000000107e-01	3.452454256699945788e-04
3.880000000000000115e-01	3.443556178718760238e-04
3.890000000000000124e-01	3.434703849210485565e-04
3.900000000000000133e-01	3.425896916263792375e-04
3.910000000000000142e-01	3.417135031567465728e-04
3.920000000000000151e-01	3.408417850364487008e-04
3.930000000000000160e-01	3.399745031406817275e-04
3.940000000000000169e-01	3.391116236910860404e-04
3.950000000000000178e-01	3.382531132513617953e-04
3.960000000000000187e-01	3.373989387229492918e-04
3.970000000000000195e-01	3.365490673407755401e-04
3.980000000000000204e-01	3.357034666690650662e-04
3.990000000000000213e-01	3.348621045972127882e-04
4.000000000000000222e-01	3.340249493357197756e-04
4.010000000000000231e-01	3.331919694121892911e-04
4.020000000000000240e-01	3.323631336673828424e-04
4.030000000000000249e-01	3.315384112513347268e-04
4.040000000000000258e-01	3.307177716195245265e-04
4.050000000000000266e-01	3.299011845291059284e-04
4.060000000000000275e-01	3.290886200351918678e-04
4.069999999999999729e-01	3.282800484871938279e-04
4.079999999999999738e-01	3.274754405252154588e-04
4.089999999999999747e-01	3.266747670764985081e-04
4.099999999999999756e-01	3.258779993519217151e-04
4.109999999999999765e-01	3.250851088425496332e-04
4.119999999999999774e-01	3.242960673162327339e-04
4.129999999999999782e-01	3.235108468142564096e-04
4.139999999999999791e-01	3.227294196480383847e-04
4.149999999999999800e-01	3.219517583958744831e-04
4.159999999999999809e-01	3.211778358997305284e-04
4.169999999999999818e-01	3.204076252620812978e-04
4.179999999999999827e-01	3.196410998427939832e-04
4.189999999999999836e-01	3.188782332560570801e-04
4.199999999999999845e-01	3.181189993673521569e-04
4.209999999999999853e-01	3.173633722904700759e-04
4.219999999999999862e-01	3.166113263845685231e-04
4.229999999999999871e-01	3.158628362512716048e-04
4.239999999999999880e-01	3.151178767318110773e-04
4.249999999999999889e-01	3.143764229042067711e-04
4.259999999999999898e-01	3.136384500804880512e-04
4.269999999999999907e-01	3.129039338039529545e-04
4.279999999999999916e-01	3.121728498464670085e-04
4.289999999999999925e-01	3.114451742057992921e-04
4.299999999999999933e-01	3.107208831029950884e-04
4.309999999999999942e-01	3.099999529797863224e-04
4.319999999999999951e-01	3.092823604960368011e-04
4.329999999999999960e-01	3.085680825272237742e-04
4.339999999999999969e-01	3.078570961619537020e-04
4.349999999999999978e-01	3.071493786995123918e-04
4.359999999999999987e-01	3.064449076474493419e-04
4.369999999999999996e-01	3.057436607191942849e-04
4.380000000000000004e-01	3.050456158317075054e-04
4.390000000000000013e-01	3.043507511031614903e-04
4.400000000000000022e-01	3.036590448506542922e-04
4.410000000000000031e-01	3.029704755879544429e-04
4.420000000000000040e-01	3.022850220232758457e-04
4.430000000000000049e-01	3.016026630570832956e-04
4.440000000000000058e-01	3.009233777799277072e-04
4.450000000000000067e-01	3.002471454703099112e-04
4.460000000000000075e-01	2.995739455925737786e-04
4.470000000000000084e-01	2.989037577948275336e-04
4.480000000000000093e-01	2.982365619068926064e-04
4.490000000000000102e-01	2.975723379382804032e-04
4.500000000000000111e-01	2.969110660761953139e-04
4.510000000000000120e-01	2.962527266835652054e-04
4.520000000000000129e-01	2.955973002970971211e-04
4.530000000000000138e-01	2.949447676253595988e-04
4.540000000000000147e-01	2.942951095468896534e-04
4.550000000000000155e-01	2.936483071083250762e-04
4.560000000000000164e-01	2.930043415225611829e-04
4.570000000000000173e-01	2.923631941669319555e-04
4.580000000000000182e-01	2.917248465814146043e-04
4.590000000000000191e-01	2.910892804668581977e-04
4.600000000000000200e-01	2.904564776832345733e-04
4.610000000000000209e-01	2.898264202479130473e-04
4.620000000000000218e-01	2.891990903339564816e-04
4.630000000000000226e-01	2.885744702684403919e-04
4.640000000000000235e-01	2.879525425307928707e-04
4.650000000000000244e-01	2.873332897511567921e-04
4.660000000000000253e-01	2.867166947087723444e-04
4.670000000000000262e-01	2.861027403303809764e-04
4.680000000000000271e-01	2.854914096886494008e-04
4.689999999999999725e-01	2.848826860006138727e-04
4.699999999999999734e-01	2.842765526261444714e-04
4.709999999999999742e-01	2.836729930664286812e-04
4.719999999999999751e-01	2.830719909624743787e-04
4.729999999999999760e-01	2.824735300936319577e-04
4.739999999999999769e-01	2.818775943761347752e-04
4.749999999999999778e-01	2.812841678616587356e-04
4.759999999999999787e-01	2.806932347358989492e-04
4.769999999999999796e-01	2.801047793171654201e-04
4.779999999999999805e-01	2.795187860549955923e-04
4.789999999999999813e-01	2.789352395287847310e-04
4.799999999999999822e-01	2.783541244464331102e-04
4.809999999999999831e-01	2.777754256430102204e-04
4.819999999999999840e-01	2.771991280794354581e-04
4.829999999999999849e-01	2.766252168411757815e-04
4.839999999999999858e-01	2.760536771369584918e-04
4.849999999999999867e-01	2.754844942975008190e-04
4.859999999999999876e-01	2.749176537742549584e-04
4.869999999999999885e-01	2.743531411381681766e-04
4.879999999999999893e-01	2.737909420784588013e-04
4.889999999999999902e-01	2.732310424014067944e-04
4.899999999999999911e-01	2.726734280291590149e-04
4.909999999999999920e-01	2.721180849985496610e-04
4.919999999999999929e-01	2.715649994599348077e-04
4.929999999999999938e-01	2.710141576760403872e-04
4.939999999999999947e-01	2.704655460208257281e-04
4.949999999999999956e-01	2.699191509783594009e-04
4.959999999999999964e-01	2.693749591417094824e-04
4.969999999999999973e-01	2.688329572118468855e-04
4.979999999999999982e-01	2.682931319965620241e-04
4.989999999999999991e-01	2.677554704093945432e-04
5.000000000000000000e-01	2.672199594685757879e-04
5.010000000000000009e-01	2.666865862959837954e-04
5.020000000000000018e-01	2.661553381161113510e-04
5.030000000000000027e-01	2.656262022550454831e-04
5.040000000000000036e-01	2.650991661394601307e-04
5.050000000000000044e-01	2.645742172956195995e-04
5.060000000000000053e-01	2.640513433483950272e-04
5.070000000000000062e-01	2.635305320202917462e-04
5.080000000000000071e-01	2.630117711304879756e-04
5.090000000000000080e-01	2.624950485938858189e-04
5.100000000000000089e-01	2.619803524201723454e-04
5.110000000000000098e-01	2.614676707128921630e-04
5.120000000000000107e-01	2.609569916685310510e-04
5.130000000000000115e-01	2.604483035756099464e-04
5.140000000000000124e-01	2.599415948137897181e-04
5.150000000000000133e-01	2.594368538529861871e-04
5.160000000000000142e-01	2.589340692524959341e-04
5.170000000000000151e-01	2.584332296601313229e-04
5.180000000000000160e-01	2.579343238113665829e-04
5.190000000000000169e-01	2.574373405284930533e-04
5.200000000000000178e-01	2.569422687197844553e-04
5.210000000000000187e-01	2.564490973786715975e-04
5.220000000000000195e-01	2.559578155829270022e-04
5.230000000000000204e-01	2.554684124938583125e-04
5.240000000000000213e-01	2.549808773555112414e-04
5.250000000000000222e-01	2.544951994938817364e-04
5.260000000000000231e-01	2.540113683161367088e-04
5.270000000000000240e-01	2.535293733098441965e-04
5.280000000000000249e-01	2.530492040422119282e-04
5.290000000000000258e-01	2.525708501593343998e-04
5.300000000000000266e-01	2.520943013854488944e-04
5.310000000000000275e-01	2.516195475221994176e-04
5.320000000000000284e-01	2.511465784479095776e-04
5.330000000000000293e-01	2.506753841168628369e-04
5.340000000000000302e-01	2.502059545585916017e-04
5.350000000000000311e-01	2.497382798771736827e-04
5.360000000000000320e-01	2.492723502505371047e-04
5.370000000000000329e-01	2.488081559297726140e-04
5.380000000000000338e-01	2.483456872384533416e-04
5.390000000000000346e-01	2.478849345719627063e-04
5.400000000000000355e-01	2.474258883968294734e-04
5.410000000000000364e-01	2.469685392500700779e-04
5.420000000000000373e-01	2.465128777385385364e-04
5.430000000000000382e-01	2.460588945382834614e-04
5.440000000000000391e-01	2.456065803939115806e-04
5.450000000000000400e-01	2.451559261179594410e-04
5.460000000000000409e-01	2.447069225902708607e-04
5.470000000000000417e-01	2.442595607573819151e-04
5.480000000000000426e-01	2.438138316319122113e-04
5.490000000000000435e-01	2.433697262919634001e-04
5.500000000000000444e-01	2.429272358805234608e-04
5.510000000000000453e-01	2.424863516048782240e-04
5.520000000000000462e-01	2.420470647360288021e-04
5.530000000000000471e-01	2.416093666081155526e-04
5.540000000000000480e-01	2.411732486178481949e-04
5.550000000000000488e-01	2.407387022239421603e-04
5.560000000000000497e-01	2.403057189465609869e-04
5.570000000000000506e-01	2.398742903667646503e-04
5.580000000000000515e-01	2.394444081259639663e-04
5.590000000000000524e-01	2.390160639253808476e-04
5.600000000000000533e-01	2.385892495255140906e-04
5.610000000000000542e-01	2.381639567456112058e-04
5.620000000000000551e-01	2.377401774631457247e-04
5.629999999999999449e-01	2.373179036133000075e-04
5.639999999999999458e-01	2.368971271884537171e-04
5.649999999999999467e-01	2.364778402376776860e-04
5.659999999999999476e-01	2.360600348662330423e-04
5.669999999999999485e-01	2.356437032350756477e-04
5.679999999999999494e-01	2.352288375603660384e-04
5.689999999999999503e-01	2.348154301129840005e-04
5.699999999999999512e-01	2.344034732180489463e-04
5.709999999999999520e-01	2.339929592544446539e-04
5.719999999999999529e-01	2.335838806543494826e-04
5.729999999999999538e-01	2.331762299027711962e-04
5.739999999999999547e-01	2.327699995370869355e-04
5.749999999999999556e-01	2.323651821465876641e-04
5.759999999999999565e-01	2.319617703720276009e-04
5.769999999999999574e-01	2.315597569051783147e-04
5.779999999999999583e-01	2.311591344883873731e-04
5.789999999999999591e-01	2.307598959141414355e-04
5.799999999999999600e-01	2.303620340246343074e-04
5.809999999999999609e-01	2.299655417113388972e-04
5.819999999999999618e-01	2.295704119145840249e-04
5.829999999999999627e-01	2.291766376231353240e-04
5.839999999999999636e-01	2.287842118737806426e-04
5.849999999999999645e-01	2.283931277509194827e-04
5.859999999999999654e-01	2.280033783861568314e-04
5.869999999999999662e-01	2.276149569579010302e-04
5.879999999999999671e-01	2.272278566909658186e-04
5.889999999999999680e-01	2.268420708561763892e-04
5.899999999999999689e-01	2.264575927699794813e-04
5.909999999999999698e-01	2.260744157940573513e-04
5.919999999999999707e-01	2.256925333349457804e-04
5.929999999999999716e-01	2.253119388436557971e-04
5.939999999999999725e-01	2.249326258152994917e-04
5.949999999999999734e-01	2.245545877887191648e-04
5.959999999999999742e-01	2.241778183461206231e-04
5.969999999999999751e-01	2.238023111127100532e-04
5.979999999999999760e-01	2.234280597563342830e-04
5.989999999999999769e-01	2.230550579871250552e-04
5.999999999999999778e-01	2.226832995571465261e-04
6.009999999999999787e-01	2.223127782600464231e-04
6.019999999999999796e-01	2.219434879307108084e-04
6.029999999999999805e-01	2.215754224449219040e-04
6.039999999999999813e-01	2.212085757190197126e-04
6.049999999999999822e-01	2.208429417095667826e-04
6.059999999999999831e-01	2.204785144130163329e-04
6.069999999999999840e-01	2.201152878653836866e-04
6.079999999999999849e-01	2.197532561419208736e-04
6.089999999999999858e-01	2.193924133567945695e-04
6.099999999999999867e-01	2.190327536627670411e-04
6.109999999999999876e-01	2.186742712508803730e-04
6.119999999999999885e-01	2.183169603501436482e-04
6.129999999999999893e-01	2.179608152272233268e-04
6.139999999999999902e-01	2.176058301861366606e-04
6.149999999999999911e-01	2.172519995679478191e-04
6.159999999999999920e-01	2.168993177504673748e-04
6.169999999999999929e-01	2.165477791479544464e-04
6.179999999999999938e-01	2.161973782108218497e-04
6.189999999999999947e-01	2.158481094253439597e-04
6.199999999999999956e-01	2.154999673133675805e-04
6.209999999999999964e-01	2.151529464320256079e-04
6.219999999999999973e-01	2.148070413734532119e-04
6.229999999999999982e-01	2.144622467645070562e-04
6.239999999999999991e-01	2.141185572664870099e-04
6.250000000000000000e-01	2.137759675748606520e-04
6.260000000000000009e-01	2.134344724189902423e-04
6.270000000000000018e-01	2.130940665618626735e-04
6.280000000000000027e-01	2.127547447998215109e-04
6.290000000000000036e-01	2.124165019623019317e-04
6.300000000000000044e-01	2.120793329115681046e-04
6.310000000000000053e-01	2.117432325424530894e-04
6.320000000000000062e-01	2.114081957821010950e-04
6.330000000000000071e-01	2.110742175897123126e-04
6.340000000000000080e-01	2.107412929562900526e-04
6.350000000000000089e-01	2.104094169043904021e-04
6.360000000000000098e-01	2.100785844878740787e-04
6.370000000000000107e-01	2.097487907916607765e-04
6.380000000000000115e-01	2.094200309314857365e-04
6.390000000000000124e-01	2.090923000536587008e-04
6.400000000000000133e-01	2.087655933348248462e-04
6.410000000000000142e-01	2.084399059817284010e-04
6.420000000000000151e-01	2.081152332309780238e-04
6.430000000000000160e-01	2.077915703488147838e-04
6.440000000000000169e-01	2.074689126308818226e-04
6.450000000000000178e-01	2.071472554019967527e-04
6.460000000000000187e-01	2.068265940159255472e-04
6.470000000000000195e-01	2.065069238551590317e-04
6.480000000000000204e-01	2.061882403306911917e-04
6.490000000000000213e-01	2.058705388817995408e-04
6.500000000000000222e-01	2.055538149758275479e-04
6.510000000000000231e-01	2.052380641079691256e-04
6.520000000000000240e-01	2.049232818010550687e-04
6.530000000000000249e-01	2.046094636053413644e-04
6.540000000000000258e-01	2.042966050982995341e-04
6.550000000000000266e-01	2.039847018844090094e-04
6.560000000000000275e-01	2.036737495949510787e-04
6.570000000000000284e-01	2.033637438878050036e-04
6.580000000000000293e-01	2.030546804472460587e-04
6.590000000000000302e-01	2.027465549837449276e-04
6.600000000000000311e-01	2.024393632337695371e-04
6.610000000000000320e-01	2.021331009595883567e-04
6.620000000000000329e-01	2.018277639490753770e-04
6.630000000000000338e-01	2.015233480155172033e-04
6.640000000000000346e-01	2.012198489974215587e-04
6.650000000000000355e-01	2.009172627583276837e-04
6.660000000000000364e-01	2.006155851866184715e-04
6.670000000000000373e-01	2.003148121953341745e-04
6.680000000000000382e-01	2.000149397219879008e-04
6.690000000000000391e-01	1.997159637283825191e-04
6.700000000000000400e-01	1.994178802004297054e-04
6.710000000000000409e-01	1.991206851479700472e-04
6.720000000000000417e-01	1.988243746045950710e-04
6.730000000000000426e-01	1.985289446274708701e-04
6.740000000000000435e-01	1.982343912971630605e-04
6.750000000000000444e-01	1.979407107174635516e-04
6.760000000000000453e-01	1.976478990152187826e-04
6.770000000000000462e-01	1.973559523401593931e-04
6.780000000000000471e-01	1.970648668647314141e-04
6.790000000000000480e-01	1.967746387839291642e-04
6.800000000000000488e-01	1.964852643151292590e-04
6.810000000000000497e-01	1.961967396979264085e-04
6.820000000000000506e-01	1.959090611939705154e-04
6.830000000000000515e-01	1.956222250868051296e-04
6.840000000000000524e-01	1.953362276817074462e-04
6.850000000000000533e-01	1.950510653055297691e-04
6.860000000000000542e-01	1.947667343065421380e-04
6.870000000000000551e-01	1.944832310542764209e-04
6.879999999999999449e-01	1.942005519393719506e-04
6.889999999999999458e-01	1.939186933734222181e-04
6.899999999999999467e-01	1.936376517888230579e-04
6.909999999999999476e-01	1.933574236386221331e-04
6.919999999999999485e-01	1.930780053963697764e-04
6.929999999999999494e-01	1.927993935559709968e-04
6.939999999999999503e-01	1.925215846315387594e-04
6.949999999999999512e-01	1.922445751572487841e-04
6.959999999999999520e-01	1.919683616871952652e-04
6.969999999999999529e-01	1.916929407952480820e-04
6.979999999999999538e-01	1.914183090749110394e-04
6.989999999999999547e-01	1.911444631391815449e-04
6.999999999999999556e-01	1.908713996204112887e-04
7.009999999999999565e-01	1.905991151701681978e-04
7.019999999999999574e-01	1.903276064590995824e-04
7.029999999999999583e-01	1.900568701767964481e-04
7.039999999999999591e-01	1.897869030316589462e-04
7.049999999999999600e-01	1.895177017507629900e-04
7.059999999999999609e-01	1.892492630797279007e-04
7.069999999999999618e-01	1.889815837825854360e-04
7.079999999999999627e-01	1.887146606416495768e-04
7.089999999999999636e-01	1.884484904573877247e-04
7.099999999999999645e-01	1.881830700482928199e-04
7.109999999999999654e-01	1.879183962507565439e-04
7.119999999999999662e-01	1.876544659189436878e-04
7.129999999999999671e-01	1.873912759246674684e-04
7.139999999999999680e-01	1.871288231572659571e-04
7.149999999999999689e-01	1.868671045234795915e-04
7.159999999999999698e-01	1.866061169473294740e-04
7.169999999999999707e-01	1.863458573699970525e-04
7.179999999999999716e-01	1.860863227497045868e-04
7.189999999999999725e-01	1.858275100615965102e-04
7.199999999999999734e-01	1.855694162976220915e-04
7.209999999999999742e-01	1.853120384664187206e-04
7.219999999999999751e-01	1.850553735931965494e-04
7.229999999999999760e-01	1.847994187196236749e-04
7.239999999999999769e-01	1.845441709037125690e-04
7.249999999999999778e-01	1.842896272197074297e-04
7.259999999999999787e-01	1.840357847579723188e-04
7.269999999999999796e-01	1.837826406248801937e-04
7.279999999999999805e-01	1.835301919427031862e-04
7.289999999999999813e-01	1.832784358495032876e-04
7.299999999999999822e-01	1.830273694990245249e-04
7.309999999999999831e-01	1.827769900605853541e-04
7.319999999999999840e-01	1.825272947189725433e-04
7.329999999999999849e-01	1.822782806743354633e-04
7.339999999999999858e-01	1.820299451420815979e-04
7.349999999999999867e-01	1.817822853527726495e-04
7.359999999999999876e-01	1.815352985520215948e-04
7.369999999999999885e-01	1.812889820003906339e-04
7.379999999999999893e-01	1.810433329732898447e-04
7.389999999999999902e-01	1.807983487608767314e-04
7.399999999999999911e-01	1.805540266679566406e-04
7.409999999999999920e-01	1.803103640138838007e-04
7.419999999999999929e-01	1.800673581324634999e-04
7.429999999999999938e-01	1.798250063718545078e-04
7.439999999999999947e-01	1.795833060944729883e-04
7.449999999999999956e-01	1.793422546768964931e-04
7.459999999999999964e-01	1.791018495097693110e-04
7.469999999999999973e-01	1.788620879977080341e-04
7.479999999999999982e-01	1.786229675592084247e-04
7.489999999999999991e-01	1.783844856265526073e-04
7.500000000000000000e-01	1.781466396457171829e-04
7.510000000000000009e-01	1.779094270762821830e-04
7.520000000000000018e-01	1.776728453913402946e-04
7.530000000000000027e-01	1.774368920774075493e-04
7.540000000000000036e-01	1.772015646343340660e-04
7.550000000000000044e-01	1.769668605752157701e-04
7.560000000000000053e-01	1.767327774263067358e-04
7.570000000000000062e-01	1.764993127269325036e-04
7.580000000000000071e-01	1.762664640294035615e-04
7.590000000000000080e-01	1.760342288989300453e-04
7.600000000000000089e-01	1.758026049135367097e-04
7.610000000000000098e-01	1.755715896639788490e-04
7.620000000000000107e-01	1.753411807536586504e-04
7.630000000000000115e-01	1.751113757985424694e-04
7.640000000000000124e-01	1.748821724270784039e-04
7.650000000000000133e-01	1.746535682801148969e-04
7.660000000000000142e-01	1.744255610108197201e-04
7.670000000000000151e-01	1.741981482845996073e-04
7.680000000000000160e-01	1.739713277790207006e-04
7.690000000000000169e-01	1.737450971837294046e-04
7.700000000000000178e-01	1.735194542003738890e-04
7.710000000000000187e-01	1.732943965425264607e-04
7.720000000000000195e-01	1.730699219356060970e-04
7.730000000000000204e-01	1.728460281168019553e-04
7.740000000000000213e-01	1.726227128349972894e-04
7.750000000000000222e-01	1.723999738506940699e-04
7.760000000000000231e-01	1.721778089359380119e-04
7.770000000000000240e-01	1.719562158742443886e-04
7.780000000000000249e-01	1.717351924605242783e-04
7.790000000000000258e-01	1.715147365010114076e-04
7.800000000000000266e-01	1.712948458131896188e-04
7.810000000000000275e-01	1.710755182257207429e-04
7.820000000000000284e-01	1.708567515783732864e-04
7.830000000000000293e-01	1.706385437219513619e-04
7.840000000000000302e-01	1.704208925182243504e-04
7.850000000000000311e-01	1.702037958398571870e-04
7.860000000000000320e-01	1.699872515703408637e-04
7.870000000000000329e-01	1.697712576039236369e-04
7.880000000000000338e-01	1.695558118455430202e-04
7.890000000000000346e-01	1.693409122107577788e-04
7.900000000000000355e-01	1.691265566256808977e-04
7.910000000000000364e-01	1.689127430269126600e-04
7.920000000000000373e-01	1.686994693614746459e-04
7.930000000000000382e-01	1.684867335867438944e-04
7.940000000000000391e-01	1.682745336703877700e-04
7.950000000000000400e-01	1.680628675902992358e-04
7.960000000000000409e-01	1.678517333345325331e-04
7.970000000000000417e-01	1.676411289012395118e-04
7.980000000000000426e-01	1.674310522986063941e-04
7.990000000000000435e-01	1.672215015447908639e-04
8.000000000000000444e-01	1.670124746678598878e-04
8.010000000000000453e-01	1.668039697057277255e-04
8.020000000000000462e-01	1.665959847060946456e-04
8.030000000000000471e-01	1.663885177263859391e-04
8.040000000000000480e-01	1.661815668336914212e-04
8.050000000000000488e-01	1.659751301047054743e-04
8.060000000000000497e-01	1.657692056256673634e-04
8.070000000000000506e-01	1.655637914923022277e-04
8.080000000000000515e-01	1.653588858097622633e-04
8.090000000000000524e-01	1.651544866925684738e-04
8.100000000000000533e-01	1.649505922645529642e-04
8.110000000000000542e-01	1.647472006588013695e-04
8.120000000000000551e-01	1.645443100175959339e-04
8.129999999999999449e-01	1.643419184923590513e-04
8.139999999999999458e-01	1.641400242435969139e-04
8.149999999999999467e-01	1.639386254408440550e-04
8.159999999999999476e-01	1.637377202626077294e-04
8.169999999999999485e-01	1.635373068963132158e-04
8.179999999999999494e-01	1.633373835382492540e-04
8.189999999999999503e-01	1.631379483935139162e-04
8.199999999999999512e-01	1.629389996759608575e-04
8.209999999999999520e-01	1.627405356081460279e-04
8.219999999999999529e-01	1.625425544212748166e-04
8.229999999999999538e-01	1.623450543551493064e-04
8.239999999999999547e-01	1.621480336581163670e-04
8.249999999999999556e-01	1.619514905870156406e-04
8.259999999999999565e-01	1.617554234071282048e-04
8.269999999999999574e-01	1.615598303921256154e-04
8.279999999999999583e-01	1.613647098240191923e-04
8.289999999999999591e-01	1.611700599931096319e-04
8.299999999999999600e-01	1.609758791979372416e-04
8.309999999999999609e-01	1.607821657452321480e-04
8.319999999999999618e-01	1.605889179498652642e-04
8.329999999999999627e-01	1.603961341347993918e-04
8.339999999999999636e-01	1.602038126310406489e-04
8.349999999999999645e-01	1.600119517775903044e-04
8.359999999999999654e-01	1.598205499213969916e-04
8.369999999999999662e-01	1.596296054173093019e-04
8.379999999999999671e-01	1.594391166280285401e-04
8.389999999999999680e-01	1.592490819240618602e-04
8.399999999999999689e-01	1.590594996836760784e-04
8.409999999999999698e-01	1.588703682928512418e-04
8.419999999999999707e-01	1.586816861452350379e-04
8.429999999999999716e-01	1.584934516420971769e-04
8.439999999999999725e-01	1.583056631922842615e-04
8.449999999999999734e-01	1.581183192121750369e-04
8.459999999999999742e-01	1.579314181256358024e-04
8.469999999999999751e-01	1.577449583639762578e-04
8.479999999999999760e-01	1.575589383659055387e-04
8.489999999999999769e-01	1.573733565774886858e-04
8.499999999999999778e-01	1.571882114521033855e-04
8.509999999999999787e-01	1.570035014503970623e-04
8.519999999999999796e-01	1.568192250402440256e-04
8.529999999999999805e-01	1.566353806967032676e-04
8.539999999999999813e-01	1.564519669019764773e-04
8.549999999999999822e-01	1.562689821453659732e-04
8.559999999999999831e-01	1.560864249232335043e-04
8.569999999999999840e-01	1.559042937389590224e-04
8.579999999999999849e-01	1.557225871028996460e-04
8.589999999999999858e-01	1.555413035323491375e-04
8.599999999999999867e-01	1.553604415514975442e-04
8.609999999999999876e-01	1.551799996913912994e-04
8.619999999999999885e-01	1.549999764898931612e-04
8.629999999999999893e-01	1.548203704916429918e-04
8.639999999999999902e-01	1.546411802480184006e-04
8.649999999999999911e-01	1.544624043170958483e-04
8.659999999999999920e-01	1.542840412636118871e-04
8.669999999999999929e-01	1.541060896589249154e-04
8.679999999999999938e-01	1.539285480809768510e-04
8.689999999999999947e-01	1.537514151142553467e-04
8.699999999999999956e-01	1.535746893497561959e-04
8.709999999999999964e-01	1.533983693849459273e-04
8.719999999999999973e-01	1.532224538237246709e-04
8.729999999999999982e-01	1.530469412763893499e-04
8.739999999999999991e-01	1.528718303595971424e-04
8.750000000000000000e-01	1.526971196963290527e-04
8.760000000000000009e-01	1.525228079158537527e-04
8.770000000000000018e-01	1.523488936536920206e-04
8.780000000000000027e-01	1.521753755515807451e-04
8.790000000000000036e-01	1.520022522574378785e-04
8.800000000000000044e-01	1.518295224253271461e-04
8.810000000000000053e-01	1.516571847154232701e-04
8.820000000000000062e-01	1.514852377939772214e-04
8.830000000000000071e-01	1.513136803332819043e-04
8.840000000000000080e-01	1.511425110116379228e-04
8.850000000000000089e-01	1.509717285133196723e-04
8.860000000000000098e-01	1.508013315285416478e-04
8.870000000000000107e-01	1.506313187534249153e-04
8.880000000000000115e-01	1.504616888899638536e-04
8.890000000000000124e-01	1.502924406459931405e-04
8.900000000000000133e-01	1.501235727351549556e-04
8.910000000000000142e-01	1.499550838768663459e-04
8.920000000000000151e-01	1.497869727962868893e-04
8.930000000000000160e-01	1.496192382242865753e-04
8.940000000000000169e-01	1.494518788974137668e-04
8.950000000000000178e-01	1.492848935578635684e-04
8.960000000000000187e-01	1.491182809534463032e-04
8.970000000000000195e-01	1.489520398375561796e-04
8.980000000000000204e-01	1.487861689691402016e-04
8.990000000000000213e-01	1.486206671126672960e-04
9.000000000000000222e-01	1.484555330380976570e-04
9.010000000000000231e-01	1.482907655208522797e-04
9.020000000000000240e-01	1.481263633417826027e-04
9.030000000000000249e-01	1.479623252871405299e-04
9.040000000000000258e-01	1.477986501485485606e-04
9.050000000000000266e-01	1.476353367229700552e-04
9.060000000000000275e-01	1.474723838126797994e-04
9.070000000000000284e-01	1.473097902252347305e-04
9.080000000000000293e-01	1.471475547734448267e-04
9.090000000000000302e-01	1.469856762753442129e-04
9.100000000000000311e-01	1.468241535541625381e-04
9.110000000000000320e-01	1.466629854382962709e-04
9.120000000000000329e-01	1.465021707612805914e-04
9.130000000000000338e-01	1.463417083617611213e-04
9.140000000000000346e-01	1.461815970834659778e-04
9.150000000000000355e-01	1.460218357751780455e-04
9.160000000000000364e-01	1.458624232907073021e-04
9.170000000000000373e-01	1.457033584888635781e-04
9.180000000000000382e-01	1.455446402334290988e-04
9.190000000000000391e-01	1.453862673931315694e-04
9.200000000000000400e-01	1.452282388416172867e-04
9.210000000000000409e-01	1.450705534574244404e-04
9.220000000000000417e-01	1.449132101239565236e-04
9.230000000000000426e-01	1.447562077294560132e-04
9.240000000000000435e-01	1.445995451669782408e-04
9.250000000000000444e-01	1.444432213343652908e-04
9.260000000000000453e-01	1.442872351342201960e-04
9.270000000000000462e-01	1.441315854738812151e-04
9.280000000000000471e-01	1.439762712653964354e-04
9.290000000000000480e-01	1.438212914254982666e-04
9.300000000000000488e-01	1.436666448755783961e-04
9.310000000000000497e-01	1.435123305416626080e-04
9.320000000000000506e-01	1.433583473543861722e-04
9.330000000000000515e-01	1.432046942489687989e-04
9.340000000000000524e-01	1.430513701651904882e-04
9.350000000000000533e-01	1.428983740473667289e-04
9.360000000000000542e-01	1.427457048443247004e-04
9.370000000000000551e-01	1.425933615093787695e-04
9.379999999999999449e-01	1.424413430003069363e-04
9.389999999999999458e-01	1.422896482793268463e-04
9.399999999999999467e-01	1.421382763130722357e-04
9.409999999999999476e-01	1.419872260725694860e-04
9.419999999999999485e-01	1.418364965332143406e-04
9.429999999999999494e-01	1.416860866747485942e-04
9.439999999999999503e-01	1.415359954812371894e-04
9.449999999999999512e-01	1.413862219410453940e-04
9.459999999999999520e-01	1.412367650468159788e-04
9.469999999999999529e-01	1.410876237954465575e-04
9.479999999999999538e-01	1.409387971880673876e-04
9.489999999999999547e-01	1.407902842300188466e-04
9.499999999999999556e-01	1.406420839308293678e-04
9.509999999999999565e-01	1.404941953041933774e-04
9.519999999999999574e-01	1.403466173679494746e-04
9.529999999999999583e-01	1.401993491440586663e-04
9.539999999999999591e-01	1.400523896585827101e-04
9.549999999999999600e-01	1.399057379416627285e-04
9.559999999999999609e-01	1.397593930274977961e-04
9.569999999999999618e-01	1.396133539543238514e-04
9.579999999999999627e-01	1.394676197643923655e-04
9.589999999999999636e-01	1.393221895039498505e-04
9.599999999999999645e-01	1.391770622232165551e-04
9.609999999999999654e-01	1.390322369763661897e-04
9.619999999999999662e-01	1.388877128215051102e-04
9.629999999999999671e-01	1.387434888206520158e-04
9.639999999999999680e-01	1.385995640397177291e-04
9.649999999999999689e-01	1.384559375484848667e-04
9.659999999999999698e-01	1.383126084205878908e-04
9.669999999999999707e-01	1.381695757334931859e-04
9.679999999999999716e-01	1.380268385684792459e-04
9.689999999999999725e-01	1.378843960106170225e-04
9.699999999999999734e-01	1.377422471487504095e-04
9.709999999999999742e-01	1.376003910754767276e-04
9.719999999999999751e-01	1.374588268871274792e-04
9.729999999999999760e-01	1.373175536837491315e-04
9.739999999999999769e-01	1.371765705690840883e-04
9.749999999999999778e-01	1.370358766505516896e-04
9.759999999999999787e-01	1.368954710392294007e-04
9.769999999999999796e-01	1.367553528498340824e-04
9.779999999999999805e-01	1.366155212007033972e-04
9.789999999999999813e-01	1.364759752137772151e-04
9.799999999999999822e-01	1.363367140145795074e-04
9.809999999999999831e-01	1.361977367321996985e-04
9.819999999999999840e-01	1.360590424992748305e-04
9.829999999999999849e-01	1.359206304519714034e-04
9.839999999999999858e-01	1.357824997299674039e-04
9.849999999999999867e-01	1.356446494764344162e-04
9.859999999999999876e-01	1.355070788380201936e-04
9.869999999999999885e-01	1.353697869648307149e-04
9.879999999999999893e-01	1.352327730104128641e-04
9.889999999999999902e-01	1.350960361317370020e-04
9.899999999999999911e-01	1.349595754891797005e-04
9.909999999999999920e-01	1.348233902465064489e-04
9.919999999999999929e-01	1.346874795708547412e-04
9.929999999999999938e-01	1.345518426327169180e-04
9.939999999999999947e-01	1.344164786059234428e-04
9.949999999999999956e-01	1.342813866676260428e-04
9.959999999999999964e-01	1.341465659982810121e-04
9.969999999999999973e-01	1.340120157816327860e-04
9.979999999999999982e-01	1.338777352046972716e-04
9.989999999999999991e-01	1.337437234577456386e-04
